0,181.79,185.67
1,181.79,185.67
3,182.15,185.67
5,182.15,185.67
6,182.15,185.67
8,181.79,185.67
9,181.79,185.67
11,181.79,185.67
13,181.79,185.67
15,181.79,185.67
16,181.79,185.67
18,181.79,185.67
20,181.79,185.67
22,181.44,185.67
23,181.44,185.67
25,181.44,185.67
27,181.44,185.67
28,181.44,185.67
31,181.44,185.67
33,181.44,185.67
34,181.44,185.67
36,181.44,185.67
38,181.09,185.67
40,181.09,185.67
41,181.09,185.67
43,181.09,185.67
45,181.09,185.67
46,181.09,185.67
48,181.09,185.67
50,181.09,185.67
51,181.09,185.67
53,181.09,185.67
55,181.09,185.67
57,180.74,185.67
59,180.74,185.67
60,180.74,185.67
62,180.39,185.67
64,180.39,185.67
65,180.39,185.67
67,180.74,185.67
69,180.74,185.67
70,180.74,185.67
73,180.74,185.67
75,180.74,185.67
76,180.74,185.67
79,180.74,185.67
80,180.74,185.67
82,180.39,185.67
84,180.39,185.67
85,180.39,185.67
87,180.39,185.67
89,180.39,185.67
90,180.39,185.67
93,180.39,185.67
94,180.39,185.67
96,180.39,185.67
98,180.39,185.67
99,180.39,185.67
101,180.39,185.67
103,180.03,185.67
104,180.03,185.67
106,180.03,185.67
108,180.03,185.67
110,180.03,185.67
112,180.03,185.67
115,180.03,185.67
116,180.03,185.67
119,180.03,185.67
120,180.03,185.67
122,180.03,185.67
124,180.03,185.67
125,180.03,185.67
128,179.68,185.67
129,179.68,185.67
131,179.68,185.67
133,179.68,185.67
134,179.68,185.67
136,179.68,185.67
138,179.68,185.67
140,179.68,185.67
142,179.68,185.67
144,179.68,185.67
145,179.68,185.67
147,179.68,185.67
149,179.68,185.67
151,179.68,185.67
153,179.33,185.67
154,179.33,185.67
156,179.33,185.67
159,179.33,185.67
161,179.33,185.67
163,179.33,185.67
164,179.33,185.67
166,179.33,185.67
168,179.33,185.67
170,179.33,185.67
171,179.33,185.67
174,179.33,185.67
175,179.33,185.67
177,179.33,185.67
179,179.33,185.67
180,179.33,185.67
183,178.98,185.67
184,178.98,185.67
186,178.98,185.67
188,178.98,185.67
190,178.98,185.67
191,178.98,185.67
193,178.98,185.67
195,178.98,185.67
197,178.98,185.67
200,178.98,185.67
201,178.98,185.67
203,178.98,185.67
205,178.98,185.67
207,178.63,185.67
209,178.63,185.67
210,178.63,185.67
213,178.63,185.67
214,178.63,185.67
216,178.63,185.67
218,178.63,185.67
220,178.63,185.67
221,178.63,185.67
223,178.63,185.67
225,178.63,185.67
227,178.63,185.67
229,178.63,185.67
230,178.63,185.67
232,178.27,185.67
234,178.27,185.67
236,178.27,185.67
238,178.27,185.67
239,178.27,185.67
241,178.27,185.67
244,178.27,185.67
246,178.27,185.67
248,178.27,185.67
250,178.27,185.67
251,178.27,185.67
253,177.92,185.67
255,177.92,185.67
256,177.92,185.67
259,177.92,185.67
260,177.92,185.67
263,177.92,185.67
264,177.92,185.67
266,177.92,185.67
268,177.92,185.67
269,177.92,185.67
271,177.92,185.67
273,177.92,185.67
275,177.92,185.67
277,177.57,185.67
279,177.57,185.67
280,177.57,185.67
282,177.57,185.67
284,177.57,185.67
286,177.57,185.67
289,177.57,185.67
290,177.57,185.67
292,177.57,185.67
294,177.57,185.67
296,177.57,185.67
298,177.22,185.67
299,177.22,185.67
301,177.22,185.67
303,177.22,185.67
305,177.22,185.67
306,177.22,185.67
309,177.22,185.67
310,177.22,185.67
312,177.22,185.67
314,177.22,185.67
316,177.22,185.67
318,176.87,185.67
319,176.87,185.67
321,176.87,185.67
323,176.87,185.67
325,176.87,185.67
328,176.87,185.67
329,176.87,185.67
331,176.87,185.67
333,176.51,185.67
335,176.51,185.67
336,176.51,185.67
339,176.16,185.67
340,176.16,185.67
342,176.51,185.67
344,176.51,185.67
346,176.51,185.67
348,176.16,185.67
349,176.16,185.67
351,176.16,185.67
353,176.16,185.67
355,176.16,185.67
356,176.16,185.67
358,176.16,185.67
360,176.16,185.67
362,175.81,185.67
364,175.81,185.67
365,175.81,185.67
368,175.81,185.67
369,175.81,185.67
372,175.46,185.67
374,175.46,185.67
376,175.46,185.67
378,175.46,185.67
379,175.46,185.67
381,175.46,185.67
383,175.46,185.67
385,175.46,185.67
386,175.46,185.67
389,175.11,185.67
390,175.11,185.67
392,175.11,185.67
394,175.11,185.67
395,175.11,185.67
398,174.76,185.67
399,174.76,185.67
401,174.76,185.67
403,174.76,185.67
405,174.76,185.67
406,174.40,185.67
408,174.40,185.67
410,174.40,185.67
412,174.40,185.67
415,174.40,185.67
416,174.40,185.67
419,174.05,185.67
420,174.05,185.67
422,174.05,185.67
424,174.05,185.67
426,174.05,185.67
428,173.70,185.67
429,173.70,185.67
431,173.70,185.67
433,173.70,185.67
435,173.70,185.67
436,173.70,185.67
439,173.35,185.67
440,173.35,185.67
442,173.35,185.67
444,173.35,185.67
445,173.35,185.67
448,173.00,185.67
449,173.00,185.67
451,173.00,185.67
453,172.64,185.67
456,172.64,185.67
457,172.64,185.67
459,172.64,185.67
461,172.64,185.67
463,172.29,185.67
465,172.29,185.67
466,172.29,185.67
469,171.94,185.67
470,171.94,185.67
472,171.94,185.67
474,171.94,185.67
476,171.94,185.67
478,171.59,185.67
479,171.59,185.67
481,171.59,185.67
483,171.24,185.67
485,171.24,185.67
486,170.88,185.67
489,170.88,185.67
490,170.88,185.67
492,170.53,185.67
494,170.53,185.67
496,170.53,185.67
499,170.53,185.67
500,170.53,185.67
502,170.18,185.67
504,170.18,185.67
506,170.18,185.67
508,169.83,185.67
509,169.83,185.67
511,169.83,185.67
513,169.83,185.67
515,169.83,185.67
517,169.48,185.67
519,169.48,185.67
520,169.48,185.67
523,169.12,185.67
524,169.12,185.67
526,169.12,185.67
528,168.77,185.67
530,168.77,185.67
531,168.77,185.67
533,168.42,185.67
535,168.42,185.67
537,168.07,185.67
539,168.07,185.67
540,168.07,185.67
544,167.72,185.67
545,167.72,185.67
547,167.72,185.67
549,167.01,185.67
551,167.01,185.67
553,167.01,185.67
554,167.01,185.67
556,167.01,185.67
558,166.31,185.67
560,166.31,185.67
561,166.31,185.67
564,165.96,185.67
565,165.96,185.67
567,165.61,185.67
569,165.61,185.67
571,165.61,185.67
573,165.25,185.67
574,165.25,185.67
576,165.25,185.67
578,164.55,185.67
580,164.55,185.67
581,163.85,185.67
585,163.85,185.67
586,163.85,185.67
588,163.85,185.67
590,163.85,185.67
592,163.85,185.67
594,163.14,185.67
595,163.14,185.67
597,162.79,185.67
599,162.79,185.67
601,162.79,185.67
603,161.73,185.67
605,161.73,185.67
606,161.73,185.67
608,161.73,185.67
610,161.73,185.67
611,161.03,185.67
614,161.03,185.67
615,161.03,185.67
618,160.68,185.67
619,160.68,185.67
621,160.68,185.67
623,160.33,185.67
624,160.33,185.67
627,159.27,185.67
629,159.27,185.67
631,159.27,185.67
633,158.92,185.67
635,158.92,185.67
636,158.92,185.67
639,157.86,185.67
640,157.86,185.67
642,157.86,185.67
644,157.86,185.67
645,157.86,185.67
648,156.81,185.67
649,156.81,185.67
651,156.81,185.67
653,156.10,185.67
655,156.10,185.67
656,156.10,185.67
658,155.40,185.67
660,155.40,185.67
662,154.70,185.67
664,154.70,185.67
666,154.70,185.67
668,153.99,185.67
670,153.99,185.67
672,153.99,185.67
674,153.29,185.67
676,153.29,185.67
678,152.23,185.67
679,152.23,185.67
681,152.23,185.67
683,151.53,185.67
685,151.53,185.67
686,151.53,185.89
689,150.47,185.89
690,150.47,185.89
693,149.77,185.89
694,149.77,185.89
696,149.77,185.89
698,148.71,185.89
699,148.71,185.89
701,148.71,185.89
703,148.01,185.89
705,148.01,185.89
707,146.95,185.89
709,146.95,185.89
710,146.95,185.89
714,145.90,185.89
715,145.90,185.89
717,145.90,185.89
719,144.49,186.11
721,144.49,186.11
723,143.79,186.11
724,143.79,186.11
726,143.79,186.11
728,142.73,186.11
730,142.73,186.11
731,142.73,186.11
733,141.68,186.11
735,141.68,186.11
737,140.62,186.11
739,140.62,186.11
741,140.62,186.11
743,139.21,186.11
744,139.21,186.11
746,139.21,186.11
748,138.16,186.11
750,138.16,186.11
751,136.75,186.11
755,136.75,186.11
756,136.75,186.11
758,135.34,186.11
760,135.34,186.11
761,135.34,186.11
764,134.28,186.11
765,134.28,186.11
767,132.88,186.11
769,132.88,186.11
771,132.88,186.11
773,131.47,186.11
775,131.47,186.11
776,131.47,186.11
778,130.06,186.11
780,130.06,186.11
782,128.30,186.11
784,128.30,186.11
785,128.30,186.11
788,126.89,186.11
789,126.89,186.11
791,126.89,186.11
793,125.14,186.11
795,125.14,186.11
796,123.73,186.11
799,123.73,186.11
801,123.73,186.11
803,121.97,186.11
805,121.97,186.11
806,121.97,186.11
809,120.21,186.11
810,120.21,186.11
812,118.45,186.11
814,118.45,186.11
816,118.45,186.11
818,116.69,186.11
819,116.69,186.11
821,116.69,186.11
823,114.58,186.11
825,114.58,186.11
826,112.82,186.11
829,112.82,186.11
830,112.82,186.11
832,110.71,186.11
834,110.71,186.11
836,110.71,186.11
838,108.60,186.11
840,108.60,186.11
842,106.84,186.11
844,106.84,186.11
846,106.84,186.11
848,104.72,186.11
850,104.72,186.11
851,104.72,186.11
853,102.61,186.11
855,102.61,186.11
857,100.15,186.11
859,100.15,186.11
860,100.15,186.11
863,98.04,186.11
864,98.04,186.11
866,98.04,186.11
868,95.93,186.11
869,95.93,186.11
871,95.93,186.11
873,93.46,186.11
874,93.46,186.11
876,93.46,186.11
878,91.00,186.11
880,91.00,186.11
881,88.54,186.11
884,88.54,186.11
886,88.54,186.11
888,85.72,186.11
889,85.72,186.11
891,85.72,186.11
893,83.26,186.11
895,83.26,186.11
896,83.26,186.11
898,80.79,186.11
900,80.79,186.11
901,80.79,186.11
903,77.98,186.11
905,77.98,186.11
906,77.98,186.11
908,75.16,186.11
910,75.16,186.11
911,72.35,186.11
914,72.35,186.11
915,72.35,186.11
917,69.53,186.11
919,69.53,186.11
920,69.53,186.11
922,66.37,186.11
924,66.37,186.11
926,66.37,186.11
929,63.55,186.11
930,63.55,186.11
932,63.55,186.11
934,60.38,186.11
935,60.38,186.11
937,57.22,186.11
939,57.22,186.11
940,57.22,186.11
943,54.05,186.11
944,54.05,186.11
946,54.05,186.11
948,50.88,186.11
949,50.88,186.11
951,50.88,186.11
953,47.71,186.11
954,47.71,186.11
956,47.71,186.11
958,44.55,186.11
959,44.55,186.11
961,44.55,186.11
963,41.03,186.11
965,41.03,186.11
966,37.86,186.11
969,37.86,186.11
971,37.86,186.11
973,34.34,186.11
974,34.34,186.11
976,34.34,186.11
978,31.17,186.11
980,31.17,186.11
981,31.17,186.11
983,27.65,186.11
985,27.65,186.11
986,27.65,186.11
988,24.14,186.11
990,24.14,186.11
991,20.62,186.11
994,20.62,186.11
995,20.62,186.11
997,17.10,186.11
999,17.10,186.11
1000,17.10,186.11
1002,13.58,186.11
1004,13.58,186.11
1006,13.58,186.11
1008,10.06,186.11
1009,10.06,186.11
1012,6.54,186.11
1014,6.54,186.11
1016,6.54,186.11
1018,2.67,186.11
1019,2.67,186.11
1021,2.67,186.11
1023,-0.85,186.11
1025,-0.85,186.11
1026,-0.85,186.11
1028,-4.37,186.11
1030,-4.37,186.11
1032,-8.24,186.11
1034,-8.24,186.11
1035,-8.24,186.11
1038,348.25,186.11
1039,348.25,186.11
1041,348.25,186.11
1043,344.38,186.11
1045,344.38,186.11
1047,340.86,186.11
1049,340.86,186.11
1051,340.86,186.11
1054,337.34,186.11
1056,337.34,186.11
1057,333.82,186.11
1059,333.82,186.11
1061,333.82,186.11
1064,329.95,186.11
1065,329.95,186.11
1067,326.43,186.11
1069,326.43,186.11
1071,326.43,186.11
1073,322.91,186.11
1075,322.91,186.11
1076,319.39,186.11
1079,319.39,186.11
1080,319.39,186.11
1083,315.87,186.11
1084,315.87,186.11
1086,315.87,186.11
1088,312.35,186.11
1090,312.35,186.11
1092,309.19,186.11
1094,309.19,186.11
1097,309.19,186.11
1099,305.67,186.11
1101,305.67,185.89
1103,302.50,185.89
1105,302.50,185.89
1106,302.50,185.89
1109,298.98,185.89
1110,298.98,185.89
1113,295.81,185.89
1114,295.81,185.89
1116,295.81,185.89
1118,292.29,185.89
1120,292.29,185.89
1122,289.13,185.89
1124,289.13,185.89
1126,289.13,185.89
1128,286.31,185.89
1130,286.31,185.89
1131,282.79,185.89
1133,282.79,185.89
1135,282.79,185.89
1137,279.98,185.67
1140,279.98,185.67
1142,279.98,185.67
1144,276.81,185.67
1146,276.81,185.67
1148,273.99,185.67
1150,273.99,185.67
1151,273.99,185.67
1154,271.18,185.67
1155,271.18,185.67
1158,268.36,185.67
1159,268.36,185.67
1161,268.36,185.67
1163,265.55,185.67
1165,265.55,185.67
1167,263.09,185.67
1169,263.09,185.67
1171,263.09,185.67
1173,262.03,185.67
1175,262.03,185.67
1176,262.03,185.67
1178,262.03,185.67
1180,262.03,185.67
1183,262.03,185.67
1185,262.03,185.67
1187,262.03,185.67
1189,262.03,185.67
1191,262.03,185.67
1193,262.03,185.67
1195,262.03,185.67
1196,262.03,185.67
1199,262.03,185.67
1200,262.03,185.67
1202,262.03,185.67
1204,262.03,185.67
1206,262.03,185.67
1208,262.03,185.67
1210,262.03,185.67
1211,260.27,185.67
1214,260.27,185.67
1215,260.27,185.67
1218,257.81,185.67
1219,257.81,185.67
1221,257.81,185.67
1224,255.70,185.67
1226,255.70,185.67
1228,253.58,185.67
1230,253.58,185.67
1232,253.58,185.67
1234,251.82,185.67
1236,251.82,185.67
1238,249.71,185.67
1240,249.71,185.67
1241,249.71,185.67
1244,247.95,185.67
1245,247.95,185.67
1248,245.84,185.67
1249,245.84,185.67
1251,245.84,185.67
1253,244.43,185.67
1255,244.43,185.67
1256,242.32,185.67
1259,242.32,185.67
1260,242.32,185.67
1263,240.91,185.67
1265,240.91,185.67
1267,239.16,185.67
1269,239.16,185.67
1271,239.16,185.67
1273,237.75,185.67
1275,237.75,185.67
1277,235.99,185.67
1279,235.99,185.67
1281,235.99,185.67
1283,234.58,185.67
1285,234.58,185.67
1286,234.58,185.67
1289,233.17,185.67
1290,233.17,185.67
1293,231.77,185.67
1294,231.77,185.67
1296,231.77,185.67
1298,230.36,185.67
1300,230.36,185.67
1302,228.95,185.67
1304,228.95,185.67
1306,228.95,185.67
1308,227.89,185.67
1311,227.89,185.67
1312,226.49,185.67
1315,226.49,185.67
1316,226.49,185.67
1319,225.43,185.67
1320,225.43,185.67
1322,224.38,185.67
1324,224.38,185.67
1326,224.38,185.67
1328,222.97,185.67
1330,222.97,185.67
1331,222.26,185.67
1334,222.26,185.67
1335,222.26,185.67
1338,221.21,185.67
1340,221.21,185.67
1341,221.21,185.67
1343,220.15,185.67
1345,220.15,185.67
1347,219.10,185.67
1349,219.10,185.67
1352,219.10,185.67
1354,218.04,185.67
1356,218.04,185.67
1358,217.34,185.67
1360,217.34,185.67
1361,217.34,185.67
1364,216.28,185.67
1365,216.28,185.67
1368,215.58,185.67
1369,215.58,185.67
1371,215.58,185.67
1373,214.87,185.67
1375,214.87,185.67
1377,214.17,185.67
1379,214.17,185.67
1381,214.17,185.67
1383,213.47,185.67
1385,213.47,185.67
1386,212.76,185.67
1389,212.76,185.67
1390,212.76,185.67
1393,212.06,185.89
1395,212.06,185.89
1397,211.35,185.89
1399,211.35,185.89
1401,211.35,185.89
1403,210.65,185.89
1405,210.65,185.89
1407,210.65,185.89
1409,210.30,185.89
1411,210.30,185.89
1413,209.59,186.11
1415,209.59,186.11
1416,209.59,186.11
1419,209.24,186.11
1420,209.24,186.11
1423,208.54,186.11
1424,208.54,186.11
1426,208.54,186.11
1428,208.19,186.11
1430,208.19,186.11
1431,207.48,186.11
1434,207.48,186.11
1435,207.48,186.11
1439,207.13,186.11
1441,207.13,186.11
1442,206.78,186.11
1444,206.78,186.11
1446,206.78,186.11
1448,206.43,186.11
1450,206.43,186.11
1452,206.43,186.11
1454,206.43,186.11
1456,206.43,186.11
1458,205.72,186.11
1460,205.72,186.11
1461,205.72,186.11
1464,205.37,186.11
1465,205.37,186.11
1468,205.37,186.11
1469,205.37,186.11
1471,205.37,186.11
1473,205.02,186.11
1475,205.02,186.11
1477,204.67,186.11
1480,204.67,186.11
1482,204.67,186.11
1484,204.67,186.11
1485,204.67,186.11
1487,204.32,186.11
1489,204.32,186.11
1491,204.32,186.11
1493,204.32,186.11
1495,204.32,186.11
1497,203.96,186.11
1499,203.96,186.11
1501,203.96,186.11
1503,203.96,186.11
1505,203.96,186.11
1506,203.96,186.11
1509,203.61,186.11
1510,203.61,186.11
1513,203.61,186.11
1514,203.61,186.11
1516,203.61,186.11
1518,203.61,186.11
1520,203.61,186.11
1523,203.61,186.11
1525,203.61,186.11
1526,203.61,186.11
1529,203.61,186.11
1530,203.61,186.11
1532,203.61,186.11
1534,203.61,186.11
1536,203.61,186.11
1538,203.61,186.11
1540,203.61,186.11
1541,203.61,186.11
1544,203.61,186.11
1545,203.61,186.11
1548,203.61,186.11
1549,203.61,186.11
1551,203.61,186.11
1553,203.96,186.11
1555,203.96,186.11
1557,203.96,186.11
1559,203.96,186.11
1560,203.96,186.11
1563,203.96,186.11
1564,203.96,186.11
1567,204.32,186.11
1569,204.32,186.11
1571,204.32,186.11
1573,204.32,186.11
1575,204.32,186.11
1577,204.32,186.11
1579,204.67,186.11
1581,204.67,186.11
1583,204.67,186.11
1585,204.67,186.11
1586,204.67,186.11
1589,205.02,185.89
1590,205.02,185.89
1593,205.37,185.89
1594,205.37,185.89
1596,205.37,185.89
1598,205.72,185.89
1600,205.72,185.89
1602,206.08,185.89
1604,206.08,185.89
1606,206.08,185.89
1609,206.43,185.89
1610,206.43,185.67
1612,206.78,185.67
1615,206.78,185.67
1616,206.78,185.67
1618,207.13,185.67
1620,207.13,185.67
1622,207.48,185.67
1624,207.48,185.67
1626,207.48,185.67
1628,207.84,185.45
1630,207.84,185.45
1631,207.84,185.45
1634,208.19,185.45
1635,208.19,185.45
1638,208.89,185.45
1639,208.89,185.45
1641,208.89,185.45
1643,209.24,185.45
1645,209.24,185.45
1647,209.95,185.45
1649,209.95,185.24
1652,209.95,185.24
1654,210.65,185.24
1656,210.65,185.24
1657,211.00,185.24
1660,211.00,185.02
1661,211.00,185.02
1664,211.71,185.02
1665,211.71,185.02
1667,212.06,185.02
1669,212.06,184.80
1671,212.06,184.80
1673,212.76,184.80
1675,212.76,184.80
1677,213.47,184.58
1679,213.47,184.58
1681,213.47,184.58
1683,214.52,184.58
1685,214.52,184.36
1686,214.52,184.36
1689,214.87,184.36
1690,214.87,184.36
1694,215.93,184.14
1695,215.93,184.14
1697,215.93,184.14
1699,216.63,183.92
1701,216.63,183.92
1703,217.34,183.92
1705,217.34,183.92
1707,217.34,183.92
1709,218.39,183.70
1710,218.39,183.70
1713,219.10,183.70
1715,219.10,183.70
1716,219.10,183.70
1718,220.15,183.70
1720,220.15,183.70
1722,221.21,183.70
1724,221.21,183.70
1726,221.21,183.70
1728,222.26,183.70
1730,222.26,183.70
1731,223.32,183.70
1734,223.32,183.70
1736,223.32,183.70
1739,224.38,183.70
1740,224.38,183.70
1742,225.43,183.70
1744,225.43,183.70
1746,225.43,183.70
1748,226.84,183.70
1750,226.84,183.70
1752,226.84,183.70
1754,227.89,183.70
1756,227.89,183.70
1758,228.95,183.70
1760,228.95,183.70
1761,228.95,183.70
1764,230.36,183.92
1765,230.36,183.92
1768,231.77,183.92
1769,231.77,183.92
1771,231.77,183.92
1773,233.17,183.92
1775,233.17,183.92
1777,234.58,183.92
1780,234.58,183.92
1782,234.58,183.92
1784,235.99,183.92
1786,235.99,183.92
1787,237.75,183.92
1790,237.75,183.92
1791,237.75,183.92
1794,239.16,183.92
1795,239.16,183.92
1797,240.91,183.92
1799,240.91,183.92
1801,240.91,183.92
1803,242.32,183.92
1805,242.32,183.92
1807,244.43,183.92
1809,244.43,183.92
1810,244.43,183.92
1813,245.84,183.92
1815,245.84,183.92
1816,245.84,183.92
1819,247.95,183.92
1820,247.95,183.92
1823,249.71,183.92
1825,249.71,183.92
1827,249.71,183.92
1829,251.82,183.92
1831,251.82,183.92
1833,253.58,183.92
1835,253.58,183.92
1836,253.58,183.92
1839,255.70,183.92
1840,255.70,183.92
1843,257.81,183.92
1844,257.81,183.92
1846,257.81,183.92
1848,259.92,183.92
1850,259.92,183.92
1852,262.03,183.92
1854,262.03,183.92
1856,262.03,183.92
1858,262.03,183.92
1860,262.03,183.92
1861,262.03,183.92
1865,262.03,183.92
1866,262.03,183.92
1868,262.03,183.92
1870,262.03,183.92
1872,262.03,183.92
1874,262.03,183.92
1876,262.03,183.92
1878,262.03,183.92
1880,262.03,183.92
1881,262.03,183.92
1883,262.03,183.92
1885,262.03,183.92
1887,262.03,183.92
1889,262.03,183.92
1891,262.03,183.92
1893,262.73,183.92
1895,262.73,183.92
1896,262.73,183.92
1899,265.20,183.92
1900,265.20,183.92
1903,268.01,183.92
1904,268.01,183.92
1907,268.01,183.92
1909,270.83,183.92
1911,270.83,183.92
1913,273.64,183.92
1915,273.64,183.92
1917,273.64,183.92
1919,276.46,183.92
1921,276.46,183.92
1923,279.27,183.92
1925,279.27,183.92
1926,279.27,183.92
1929,282.44,183.92
1930,282.44,183.92
1932,285.61,183.92
1934,285.61,183.92
1936,285.61,183.92
1938,288.42,183.92
1940,288.42,183.92
1942,291.59,183.92
1944,291.59,183.92
1946,291.59,183.92
1948,294.76,183.92
1951,294.76,183.92
1952,298.28,183.92
1954,298.28,183.92
1956,298.28,183.92
1958,301.44,183.92
1960,301.44,183.92
1962,301.44,183.92
1964,304.61,183.92
1966,304.61,183.92
1968,308.13,183.92
1970,308.13,183.92
1971,308.13,183.92
1974,311.30,183.92
1975,311.30,183.92
1978,314.82,183.92
1979,314.82,183.92
1981,314.82,183.92
1983,318.34,183.92
1985,318.34,183.92
1987,321.50,183.92
1989,321.50,183.92
1992,321.50,183.92
1994,325.02,183.92
1996,325.02,183.92
1997,328.54,183.92
2000,328.54,183.92
2001,328.54,183.92
2004,332.41,183.92
2005,332.41,183.92
2007,335.93,183.92
2009,335.93,183.92
2011,335.93,183.92
2013,339.45,183.92
2015,339.45,183.92
2017,342.97,183.92
2019,342.97,183.92
2021,342.97,183.92
2023,346.49,183.92
2025,346.49,183.92
2026,346.49,183.92
2029,-10.00,183.92
2030,-10.00,183.92
2032,-6.48,183.92
2035,-6.48,183.92
2037,-6.48,183.92
2039,-2.96,183.92
2041,-2.96,183.92
2042,0.91,183.92
2044,0.91,183.92
2046,0.91,183.92
2047,4.43,183.92
2049,4.43,183.92
2051,4.43,183.92
2053,7.95,183.92
2054,7.95,183.92
2056,7.95,183.92
2058,11.47,183.92
2060,11.47,183.92
2061,11.47,183.92
2064,14.99,183.92
2065,14.99,183.92
2067,18.15,183.92
2069,18.15,183.92
2071,18.15,183.92
2073,21.67,183.92
2074,21.67,183.92
2076,21.67,183.92
2079,25.19,183.92
2081,25.19,183.92
2082,28.36,183.92
2085,28.36,183.92
2086,28.36,183.92
2088,31.88,183.92
2090,31.88,183.92
2092,31.88,183.92
2094,35.05,183.92
2095,35.05,183.92
2097,38.21,183.92
2099,38.21,183.92
2101,38.21,183.92
2103,41.38,183.92
2105,41.38,183.92
2106,41.38,183.92
2108,44.55,183.92
2110,44.55,183.92
2112,48.07,183.92
2114,48.07,183.92
2115,48.07,183.92
2118,50.88,183.92
2120,50.88,183.92
2122,50.88,183.92
2124,54.05,183.92
2126,54.05,183.92
2127,56.86,183.92
2129,56.86,183.92
2131,56.86,183.92
2133,60.03,183.92
2135,60.03,183.92
2136,60.03,183.92
2139,62.85,183.92
2140,62.85,183.92
2142,65.66,183.92
2144,65.66,183.92
2146,65.66,183.92
2148,68.48,183.92
2149,68.48,183.92
2151,68.48,183.92
2153,71.29,183.92
2155,71.29,183.92
2156,74.11,183.92
2159,74.11,183.92
2160,74.11,183.92
2164,76.57,183.92
2165,76.57,183.92
2167,76.57,183.92
2169,79.03,183.92
2170,79.03,183.92
2172,81.50,183.92
2174,81.50,183.92
2176,81.50,183.92
2178,83.96,183.92
2180,83.96,183.92
2181,83.96,183.92
2183,86.42,183.92
2185,86.42,183.92
2187,86.42,183.92
2189,88.89,183.92
2191,88.89,183.92
2193,91.00,183.92
2194,91.00,183.92
2196,91.00,183.92
2198,93.11,183.92
2200,93.11,183.92
2201,93.11,183.92
2203,95.57,183.92
2206,95.57,183.92
2208,97.69,183.92
2210,97.69,183.92
2211,97.69,183.92
2214,99.45,183.92
2215,99.45,183.92
2217,99.45,183.92
2219,101.91,183.92
2221,101.91,183.92
2223,103.67,183.92
2225,103.67,183.92
2226,103.67,183.92
2229,105.43,183.92
2230,105.43,183.92
2233,107.19,183.92
2234,107.19,183.92
2236,107.19,183.92
2238,109.30,183.92
2240,109.30,183.92
2242,110.71,183.92
2244,110.71,183.92
2246,110.71,183.92
2249,112.47,183.92
2251,112.47,183.92
2252,114.23,183.92
2255,114.23,183.92
2256,114.23,183.92
2259,115.63,183.92
2260,115.63,183.92
2262,117.04,183.92
2264,117.04,183.92
2266,117.04,183.92
2268,118.80,183.92
2270,118.80,183.92
2272,118.80,183.92
2274,120.21,183.92
2276,120.21,183.92
2278,121.62,183.92
2280,121.62,183.92
2281,121.62,183.92
2284,123.02,183.92
2285,123.02,183.92
2288,124.43,183.92
2289,124.43,183.92
2292,124.43,183.92
2294,125.49,183.92
2296,125.49,183.92
2298,126.89,183.92
2300,126.89,183.92
2302,126.89,183.92
2304,127.95,183.92
2305,127.95,183.92
2307,129.01,183.92
2309,129.01,183.92
2311,129.01,183.92
2313,130.06,183.92
2315,130.06,183.92
2317,131.12,183.92
2319,131.12,183.92
2321,131.12,183.92
2323,132.17,183.92
2325,132.17,183.92
2326,132.17,183.92
2329,133.23,183.92
2330,133.23,183.92
2334,133.93,183.92
2335,133.93,183.92
2337,133.93,183.92
2339,134.99,183.92
2341,134.99,183.92
2343,135.69,183.92
2345,135.69,183.92
2347,135.69,183.92
2349,136.40,183.92
2351,136.40,183.92
2353,137.45,183.92
2355,137.45,183.92
2356,137.45,183.92
2359,138.16,183.92
2360,138.16,183.92
2362,138.86,183.92
2364,138.86,183.92
2366,138.86,183.92
2368,139.56,183.92
2370,139.56,183.92
2372,139.92,183.92
2374,139.92,183.92
2377,139.92,183.92
2379,140.62,183.92
2381,140.62,183.92
2382,140.97,183.92
2384,140.97,183.92
2386,140.97,183.92
2389,141.68,183.92
2390,141.68,183.92
2392,141.68,183.92
2394,142.03,183.92
2396,142.03,183.92
2398,142.73,183.92
2400,142.73,183.92
2401,142.73,183.92
2404,143.08,183.92
2405,143.08,183.92
2408,143.43,183.92
2409,143.43,183.92
2411,143.43,183.92
2413,143.79,183.92
2415,143.79,183.92
2419,144.14,183.92
2420,144.14,183.92
2422,144.14,183.92
2424,144.14,183.92
2426,144.14,183.92
2427,144.49,183.92
2430,144.49,183.92
2431,144.49,183.92
2434,144.84,183.92
2435,144.84,183.92
2437,145.19,183.92
2439,145.19,183.92
2441,145.19,183.92
2443,144.84,183.92
2445,144.84,183.92
2447,144.84,183.92
2449,145.19,183.92
2451,145.19,183.92
2453,145.19,183.92
2455,145.19,183.92
2456,145.19,183.92
2458,145.55,183.92
2460,145.55,183.92
2464,145.55,183.92
2465,145.55,183.92
2467,145.55,183.92
2469,145.55,183.92
2471,145.55,183.92
2472,145.55,183.92
2475,145.55,183.92
2476,145.55,183.92
2479,145.55,183.92
2480,145.55,183.92
2482,145.55,183.92
2484,145.19,183.92
2486,145.19,183.92
2488,145.19,183.92
2490,145.19,183.92
2491,145.19,183.92
2494,145.19,183.92
2495,145.19,183.92
2498,144.84,183.92
2499,144.84,183.92
2501,144.84,183.92
2504,144.49,183.92
2506,144.49,183.92
2508,144.49,183.92
2510,144.49,183.92
2512,144.49,183.92
2514,144.14,183.92
2516,144.14,183.92
2517,143.79,183.92
2520,143.79,183.92
2521,143.79,183.92
2524,143.43,183.92
2525,143.43,183.92
2527,143.08,183.92
2529,143.08,183.92
2531,143.08,183.92
2533,142.73,183.92
2535,142.73,183.92
2536,142.73,183.92
2539,142.38,183.92
2541,142.38,183.92
2543,142.03,183.92
2544,142.03,183.92
2547,142.03,183.92
2549,141.32,183.92
2551,141.32,183.92
2553,140.97,183.92
2555,140.97,183.92
2557,140.97,183.92
2559,140.27,183.92
2561,140.27,183.92
2562,139.56,183.92
2565,139.56,183.92
2566,139.56,183.92
2569,139.21,183.92
2570,139.21,183.92
2572,138.51,183.92
2574,138.51,183.92
2576,138.51,183.92
2578,137.80,183.92
2580,137.80,183.92
2582,137.10,183.92
2584,137.10,183.92
2586,137.10,183.92
2588,136.04,183.92
2591,136.04,183.92
2592,135.34,183.92
2595,135.34,183.92
2596,135.34,183.92
2599,134.64,183.92
2600,134.64,183.92
2602,134.64,183.92
2604,133.58,183.92
2606,133.58,183.92
2608,132.88,183.92
2610,132.88,183.92
2612,132.88,183.92
2614,131.82,183.92
2616,131.82,183.92
2618,130.77,183.92
2620,130.77,183.92
2621,130.77,183.92
2624,129.71,183.92
2625,129.71,183.92
2627,128.65,183.92
2629,128.65,183.92
2632,128.65,183.92
2634,127.60,183.92
2636,127.60,183.92
2637,126.19,183.92
2640,126.19,183.92
2642,126.19,183.92
2644,125.14,183.92
2645,125.14,183.92
2647,123.73,183.92
2649,123.73,183.92
2651,123.73,183.92
2653,122.67,183.92
2655,122.67,183.92
2657,122.67,183.92
2659,121.26,183.92
2661,121.26,183.92
2663,119.86,183.92
2665,119.86,183.92
2666,119.86,183.92
2669,118.45,183.92
2670,118.45,183.92
2673,116.69,183.92
2675,116.69,183.92
2677,116.69,183.92
2679,115.28,183.92
2681,115.28,183.92
2683,113.87,183.92
2685,113.87,183.92
2687,113.87,183.92
2689,112.11,183.92
2691,112.11,183.92
2692,110.35,183.92
2695,110.35,183.92
2696,110.35,183.92
2699,108.60,183.92
2700,108.60,183.92
2702,106.84,183.92
2704,106.84,183.92
2706,106.84,183.92
2708,105.08,183.92
2710,105.08,183.92
2712,102.96,183.92
2714,102.96,183.92
2716,102.96,183.92
2719,101.20,183.92
2721,101.20,183.92
2722,101.20,183.92
2724,99.09,183.92
2726,99.09,183.92
2728,96.98,183.92
2730,96.98,183.92
2731,96.98,183.92
2734,94.87,183.92
2735,94.87,183.92
2737,94.87,183.92
2739,92.76,183.92
2741,92.76,183.92
2743,90.65,183.92
2745,90.65,183.92
2746,90.65,183.92
2748,88.18,183.92
2750,88.18,183.92
2751,88.18,183.92
2754,86.07,183.92
2755,86.07,183.92
2758,83.61,183.92
2760,83.61,183.92
2762,83.61,183.92
2764,81.15,183.92
2766,81.15,183.92
2767,81.15,183.92
2769,78.68,183.92
2771,78.68,183.92
2773,76.22,183.92
2775,76.22,183.92
2776,76.22,183.92
2779,73.40,183.92
2780,73.40,183.92
2782,73.40,183.92
2784,70.94,183.92
2786,70.94,183.92
2787,68.12,183.92
2789,68.12,183.92
2791,68.12,183.92
2793,65.31,183.92
2795,65.31,183.92
2796,65.31,183.92
2799,62.49,183.92
2800,62.49,183.92
2803,59.68,183.92
2805,59.68,183.92
2807,59.68,183.92
2809,56.86,183.92
2810,56.86,183.92
2812,56.86,183.92
2814,53.70,183.92
2816,53.70,183.92
2817,50.53,183.92
2820,50.53,183.92
2821,50.53,183.92
2823,47.71,183.92
2825,47.71,183.92
2827,47.71,183.92
2829,44.55,183.92
2830,44.55,183.92
2832,41.38,183.92
2834,41.38,183.92
2836,41.38,183.92
2838,38.21,183.92
2840,38.21,183.92
2841,38.21,183.92
2843,35.05,183.92
2846,35.05,183.92
2848,31.53,183.92
2850,31.53,183.92
2851,31.53,183.92
2854,28.36,183.92
2855,28.36,183.92
2857,28.36,183.92
2859,25.19,183.92
2861,25.19,183.92
2862,21.67,183.92
2865,21.67,183.92
2866,21.67,183.92
2868,18.15,183.92
2870,18.15,183.92
2871,18.15,183.92
2874,14.99,183.92
2875,14.99,183.92
2877,11.47,183.92
2879,11.47,183.92
2881,11.47,183.92
2883,8.30,183.92
2884,8.30,183.92
2886,8.30,183.92
2889,4.78,183.92
2891,4.78,183.92
2892,4.78,183.92
2894,1.26,183.92
2896,1.26,183.92
2897,-2.26,183.92
2899,-2.26,183.92
2901,-2.26,183.92
2903,-5.78,183.92
2905,-5.78,183.92
2906,-5.78,183.92
2909,-9.30,183.92
2910,-9.30,183.92
2912,-9.30,183.92
2914,347.19,183.92
2916,347.19,183.92
2918,343.67,183.92
2920,343.67,183.92
2921,343.67,183.92
2924,340.15,183.92
2925,340.15,183.92
2928,336.64,183.92
2929,336.64,183.92
2932,336.64,183.92
2934,333.12,183.92
2936,333.12,183.92
2938,329.60,183.92
2940,329.60,183.92
2942,329.60,183.92
2944,326.43,183.92
2946,326.43,183.92
2947,322.91,183.92
2950,322.91,183.92
2951,322.91,183.92
2954,319.74,183.92
2955,319.74,183.92
2957,316.22,183.92
2959,316.22,183.92
2961,316.22,183.92
2963,313.06,183.92
2965,313.06,183.92
2967,309.54,183.92
2969,309.54,183.92
2971,309.54,183.92
2974,306.37,183.92
2975,306.37,183.92
2977,306.37,183.92
2979,303.20,183.92
2981,303.20,183.92
2983,300.04,183.92
2985,300.04,183.92
2987,300.04,183.92
2989,296.87,183.92
2991,296.87,183.92
2993,294.05,183.92
2995,294.05,183.92
2996,294.05,183.92
2999,290.89,183.92
3000,290.89,183.92
3002,287.72,183.92
3004,287.72,183.92
3006,287.72,183.92
3008,284.90,183.92
3010,284.90,183.92
3012,282.09,183.92
3014,282.09,183.92
3017,282.09,183.92
3019,279.27,183.92
3021,279.27,183.92
3022,276.46,183.92
3025,276.46,183.92
3026,276.46,183.92
3029,273.64,183.92
3030,273.64,183.92
3032,273.64,183.92
3034,271.18,183.92
3036,271.18,183.92
3038,268.36,183.92
3040,268.36,183.92
3042,268.36,183.92
3044,265.90,183.92
3046,265.90,183.92
3048,263.44,183.92
3050,263.44,183.92
3051,263.44,183.92
3054,262.03,183.92
3055,262.03,183.92
3059,262.03,183.92
3060,262.03,183.92
3062,262.03,183.92
3064,262.03,183.92
3066,262.03,183.92
3067,262.03,183.92
3070,262.03,183.92
3071,262.03,183.92
3074,262.03,183.92
3075,262.03,183.92
3077,262.03,183.92
3079,262.03,183.92
3081,262.03,183.92
3083,262.03,183.92
3085,262.03,183.92
3086,262.03,183.92
3089,262.03,183.92
3090,262.03,183.92
3093,262.03,183.92
3094,262.03,183.92
3096,262.03,183.92
3098,260.27,183.92
3100,260.27,183.92
3103,258.16,183.92
3105,258.16,183.92
3107,258.16,183.92
3109,256.40,183.92
3111,256.40,183.92
3112,254.64,183.92
3115,254.64,183.92
3116,254.64,183.92
3119,252.88,183.92
3120,252.88,183.92
3122,251.12,183.92
3124,251.12,183.92
3126,251.12,183.92
3128,249.36,183.92
3130,249.36,183.92
3132,249.36,183.92
3134,247.95,183.92
3136,247.95,183.92
3138,246.19,183.92
3140,246.19,183.92
3141,246.19,183.92
3145,244.79,183.92
3146,244.79,183.92
3149,243.38,183.92
3150,243.38,183.92
3152,243.38,183.92
3154,241.97,183.92
3156,241.97,183.92
3157,240.91,183.92
3160,240.91,183.92
3161,240.91,183.92
3164,239.51,183.92
3166,239.51,183.92
3167,238.10,183.92
3169,238.10,183.92
3171,238.10,183.92
3173,237.04,183.92
3175,237.04,183.92
3177,235.99,183.92
3179,235.99,183.92
3181,235.99,183.92
3183,234.93,183.92
3185,234.93,183.92
3187,234.93,183.92
3190,233.88,183.92
3191,233.88,183.92
3194,232.82,183.92
3195,232.82,183.92
3197,232.82,183.92
3199,231.77,183.92
3201,231.77,183.92
3203,231.06,183.92
3205,231.06,183.92
3207,231.06,183.92
3209,230.01,183.92
3211,230.01,183.92
3213,229.30,183.92
3215,229.30,183.92
3216,229.30,183.92
3219,228.25,183.92
3220,228.25,183.92
3222,227.54,183.92
3224,227.54,183.92
3226,227.54,183.92
3228,226.84,183.92
3231,226.84,183.92
3233,226.49,183.92
3235,226.49,183.92
3236,226.49,183.92
3239,225.78,183.92
3241,225.78,183.92
3242,225.08,183.92
3245,225.08,183.92
3246,225.08,183.92
3248,224.73,183.92
3250,224.73,183.92
3252,224.73,183.92
3254,224.02,183.92
3256,224.02,183.92
3258,223.67,183.92
3260,223.67,183.92
3261,223.67,183.92
3264,223.32,183.92
3265,223.32,183.92
3268,222.97,183.92
3269,222.97,183.92
3272,222.97,183.92
3274,222.62,183.92
3276,222.62,183.92
3278,222.26,183.92
3280,222.26,183.92
3282,222.26,183.92
3284,221.91,183.92
3286,221.91,183.92
3287,221.56,183.92
3290,221.56,183.92
3291,221.56,183.92
3294,221.56,183.92
3295,221.56,183.92
3297,221.21,183.92
3299,221.21,183.92
3301,221.21,183.92
3303,221.21,183.92
3305,221.21,183.92
3306,221.21,183.92
3309,220.86,183.92
3310,220.86,183.92
3313,220.86,183.92
3315,220.86,183.92
3317,220.86,183.92
3319,220.86,183.92
3321,220.86,183.92
3323,220.86,183.92
3325,220.86,183.92
3326,220.86,183.92
3329,220.86,183.92
3330,220.86,183.92
3332,220.86,183.92
3334,221.21,183.92
3336,221.21,183.92
3338,221.21,183.92
3340,221.21,183.92
3342,221.21,183.92
3344,221.21,183.92
3346,221.21,183.92
3348,221.56,183.92
3349,221.56,183.92
3351,221.56,183.92
3353,221.56,183.92
3355,221.56,183.92
3358,221.91,183.92
3360,221.91,183.92
3362,221.91,183.92
3364,222.26,183.92
3366,222.26,183.92
3367,222.62,183.92
3370,222.62,183.92
3371,222.62,183.92
3374,222.97,183.92
3375,222.97,183.92
3377,222.97,183.92
3379,223.32,183.92
3381,223.32,183.92
3383,223.67,183.92
3385,223.67,183.92
3387,223.67,183.92
3389,224.38,183.92
3391,224.38,183.92
3393,224.73,183.92
3395,224.73,183.92
3396,224.73,183.92
3400,225.43,183.92
3401,225.43,183.92
3404,225.78,183.92
3405,225.78,183.92
3407,225.78,183.92
3409,226.49,183.92
3411,226.49,183.92
3412,227.19,183.92
3415,227.19,183.92
3416,227.19,183.92
3419,227.89,183.92
3420,227.89,183.92
3422,228.60,183.92
3424,228.60,183.92
3426,228.60,183.92
3428,229.30,183.92
3430,229.30,183.92
3432,229.30,183.92
3434,230.36,183.92
3436,230.36,183.92
3438,231.06,183.92
3440,231.06,183.92
3441,231.06,183.92
3445,232.12,183.92
3446,232.12,183.92
3449,232.82,183.92
3450,232.82,183.92
3452,232.82,183.92
3454,233.88,183.92
3456,233.88,183.92
3458,234.93,183.92
3460,234.93,183.92
3462,234.93,183.92
3464,236.34,183.92
3466,236.34,183.92
3467,237.40,183.92
3470,237.40,183.92
3471,237.40,183.92
3474,238.45,183.92
3475,238.45,183.92
3477,239.51,183.92
3479,239.51,183.92
3481,239.51,183.92
3483,240.91,183.92
3486,240.91,183.92
3487,242.32,183.92
3490,242.32,183.92
3492,242.32,183.92
3494,243.73,183.92
3495,243.73,183.92
3497,243.73,183.92
3499,245.14,183.92
3501,245.14,183.92
3503,246.55,183.92
3505,246.55,183.92
3507,246.55,183.92
3509,247.95,183.92
3511,247.95,183.92
3513,249.71,183.92
3515,249.71,183.92
3516,249.71,183.92
3519,251.47,183.92
3520,251.47,183.92
3523,253.23,183.92
3524,253.23,183.92
3526,253.23,183.92
3529,254.64,183.92
3531,254.64,183.92
3533,256.75,183.92
3535,256.75,183.92
3537,256.75,183.92
3539,258.51,183.92
3541,258.51,183.92
3542,260.62,183.92
3545,260.62,183.92
3546,260.62,183.92
3549,262.03,183.92
3550,262.03,183.92
3552,262.03,183.92
3554,262.03,183.92
3556,262.03,183.92
3558,262.03,183.92
3560,262.03,183.92
3561,262.03,183.92
3564,262.03,183.92
3565,262.03,183.92
3568,262.03,183.92
3569,262.03,183.92
3572,262.03,183.92
3574,314.47,183.92
3576,314.47,183.92
3578,262.03,183.92
3580,262.03,183.92
3581,262.03,183.92
3584,262.03,183.92
3585,262.03,183.92
3587,262.03,183.92
3589,262.03,183.92
3591,262.03,183.92
3593,263.44,183.92
3595,263.44,183.92
3597,263.44,183.92
3599,265.90,183.92
3601,265.90,183.92
3603,268.36,183.92
3605,268.36,183.92
3606,268.36,183.92
3608,271.18,183.92
3610,271.18,183.92
3612,273.64,183.92
3615,273.64,183.92
3617,273.64,183.92
3619,276.46,183.92
3621,276.46,183.92
3622,279.27,183.92
3625,279.27,183.92
3626,279.27,183.92
3629,282.09,183.92
3630,282.09,183.92
3632,282.09,183.92
3634,284.90,183.92
3636,284.90,183.92
3638,287.72,183.92
3640,287.72,183.92
3642,287.72,183.92
3644,290.89,183.92
3646,290.89,183.92
3648,293.70,183.92
3650,293.70,183.92
3651,293.70,183.92
3654,296.87,183.92
3656,296.87,183.92
3658,300.04,183.92
3660,300.04,183.92
3662,300.04,183.92
3664,302.85,183.92
3666,302.85,183.92
3668,306.02,183.92
3670,306.02,183.92
3671,306.02,183.92
3674,309.19,183.92
3675,309.19,183.92
3677,312.71,183.92
3679,312.71,183.92
3681,312.71,183.92
3683,315.87,183.92
3685,315.87,183.92
3687,315.87,183.92
3689,319.04,183.92
3691,319.04,183.92
3693,322.56,183.92
3695,322.56,183.92
3696,322.56,183.92
3700,325.73,183.92
3701,325.73,183.92
3704,329.25,183.92
3705,329.25,183.92
3707,329.25,183.92
3709,332.76,183.92
3711,332.76,183.92
3712,335.93,183.92
3715,335.93,183.92
3716,335.93,183.92
3719,339.45,183.92
3720,339.45,183.92
3722,342.97,183.92
3724,342.97,183.92
3726,342.97,183.92
3728,346.14,183.92
3730,346.14,183.92
3732,346.14,183.92
3734,349.66,183.92
3736,349.66,183.92
3738,-6.83,183.92
3739,-6.83,183.92
3742,-6.83,183.92
3744,-3.31,183.92
3746,-3.31,183.92
3747,0.21,183.92
3750,0.21,183.92
3751,0.21,183.92
3753,3.37,183.92
3755,3.37,183.92
3756,3.37,183.92
3758,6.89,183.92
3760,6.89,183.92
3761,6.89,183.92
3763,10.06,183.92
3765,10.06,183.92
3767,10.06,183.92
3769,13.58,183.92
3770,13.58,183.92
3772,16.75,183.92
3774,16.75,183.92
3776,16.75,183.92
3778,20.26,183.92
3780,20.26,183.92
3781,20.26,183.92
3784,23.43,183.92
3786,23.43,183.92
3788,26.60,183.92
3790,26.60,183.92
3791,26.60,183.92
3794,30.12,183.92
3795,30.12,183.92
3797,30.12,183.92
3799,32.93,183.92
3801,32.93,183.92
3802,36.10,183.92
3804,36.10,183.92
3806,36.10,183.92
3808,39.27,183.92
3810,39.27,183.92
3811,39.27,183.92
3814,42.44,183.92
3815,42.44,183.92
3817,42.44,183.92
3819,45.25,183.92
3820,45.25,183.92
3822,48.42,183.92
3824,48.42,183.92
3827,48.42,183.92
3829,51.23,183.92
3831,51.23,183.92
3832,51.23,183.92
3834,54.05,183.92
3836,54.05,183.92
3838,56.86,183.92
3840,56.86,183.92
3841,56.86,183.92
3844,59.68,183.92
3845,59.68,183.92
3847,59.68,183.92
3849,62.49,183.92
3851,62.49,183.92
3852,65.31,183.92
3854,65.31,183.92
3856,65.31,183.92
3858,67.77,183.92
3860,67.77,183.92
3861,67.77,183.92
3864,70.59,183.92
3865,70.59,183.92
3867,72.70,183.92
3870,72.70,183.92
3872,72.70,183.92
3874,75.16,183.92
3875,75.16,183.92
3877,75.16,183.92
3879,77.63,183.92
3881,77.63,183.92
3882,80.09,183.92
3885,80.09,183.92
3886,80.09,183.92
3888,82.55,183.92
3890,82.55,183.92
3892,82.55,183.92
3894,84.66,183.92
3895,84.66,183.92
3897,84.66,183.92
3899,86.78,183.92
3901,86.78,183.92
3903,88.89,183.92
3904,88.89,183.92
3906,88.89,183.92
3908,91.00,183.92
3910,91.00,183.92
3912,91.00,183.92
3915,93.11,183.92
3916,93.11,183.92
3919,94.87,183.92
3920,94.87,183.92
3922,94.87,183.92
3924,96.63,183.92
3926,96.63,183.92
3927,96.63,183.92
3929,98.74,183.92
3931,98.74,183.92
3932,100.50,183.92
3935,100.50,183.92
3936,100.50,183.92
3939,102.26,183.92
3940,102.26,183.92
3942,103.67,183.92
3944,103.67,183.92
3946,103.67,183.92
3948,105.43,183.92
3950,105.43,183.92
3952,106.84,183.92
3955,106.84,183.92
3957,106.84,183.92
3959,108.60,183.92
3961,108.60,183.92
3962,108.60,183.92
3965,110.00,183.92
3966,110.00,183.92
3969,111.41,183.92
3970,111.41,183.92
3972,111.41,183.92
3974,112.82,183.92
3976,112.82,183.92
3978,113.87,183.92
3980,113.87,183.92
3981,113.87,183.92
3984,115.28,183.92
3985,115.28,183.92
3987,116.34,183.92
3989,116.34,183.92
3991,116.34,183.92
3993,117.74,183.92
3995,117.74,183.92
3998,118.80,183.92
4000,118.80,183.92
4002,118.80,183.92
4004,119.86,183.92
4006,119.86,183.92
4007,119.86,183.92
4010,120.91,183.92
4011,120.91,183.92
4014,121.97,183.92
4015,121.97,183.92
4017,121.97,183.92
4019,122.67,183.92
4021,122.67,183.92
4023,123.73,183.92
4025,123.73,183.92
4027,123.73,183.92
4029,124.43,183.92
4031,124.43,183.92
4033,125.14,183.92
4035,125.14,183.92
4036,125.14,183.92
4040,126.19,183.92
4041,126.19,183.92
4043,126.54,183.92
4045,126.54,183.92
4047,126.54,183.92
4049,127.25,183.92
4051,127.25,183.92
4053,127.95,183.92
4055,127.95,183.92
4056,127.95,183.92
4059,128.65,183.92
4060,128.65,183.92
4062,129.01,183.92
4065,129.01,183.92
4066,129.01,183.92
4068,129.71,183.92
4070,129.71,183.92
4072,129.71,183.92
4074,130.06,183.92
4076,130.06,183.92
4078,130.41,183.92
4080,130.41,183.92
4081,130.41,183.92
4085,130.77,183.92
4086,130.77,183.92
4089,131.12,183.92
4090,131.12,183.92
4092,131.12,183.92
4094,131.47,183.92
4096,131.47,183.92
4098,131.47,183.92
4100,131.47,183.92
4102,131.47,183.92
4104,131.82,183.92
4106,131.82,183.92
4107,131.82,183.92
4109,131.82,183.92
4111,131.82,183.92
4113,132.17,183.92
4115,132.17,183.92
4117,132.17,183.92
4119,132.17,183.92
4121,132.17,183.92
4123,132.17,183.92
4126,132.17,183.92
4127,132.17,183.92
4130,132.17,183.92
4131,132.17,183.92
4133,132.17,183.92
4135,132.17,183.92
4137,132.17,183.92
4139,131.82,183.92
4141,131.82,183.92
4142,131.82,183.92
4145,131.82,183.92
4146,131.82,183.92
4149,131.47,183.92
4150,131.47,183.92
4152,131.47,183.92
4154,131.47,183.92
4156,131.47,183.92
4158,131.12,183.92
4160,131.12,183.92
4161,131.12,183.92
4164,130.77,183.92
4165,130.77,183.92
4169,130.41,183.92
4170,130.41,183.92
4172,130.41,183.92
4174,130.06,183.92
4176,130.06,183.92
4178,129.71,183.92
4180,129.71,183.92
4182,129.71,183.92
4184,129.36,183.92
4186,129.36,183.92
4187,128.65,183.92
4190,128.65,183.92
4191,128.65,183.92
4194,128.30,183.92
4195,128.30,183.92
4197,127.60,183.92
4199,127.60,183.92
4201,127.60,183.92
4203,126.89,183.92
4205,126.89,183.92
4207,126.89,183.92
4209,126.19,183.92
4212,126.19,183.92
4214,125.49,183.92
4216,125.49,183.92
4217,125.49,183.92
4220,124.78,183.92
4221,124.78,183.92
4224,124.08,183.92
4225,124.08,183.92
4227,124.08,183.92
4229,123.02,183.92
4231,123.02,183.92
4233,122.32,183.92
4235,122.32,183.92
4237,122.32,183.92
4239,121.26,183.92
4241,121.26,183.92
4242,120.21,183.92
4245,120.21,183.92
4246,120.21,183.92
4249,119.15,183.92
4250,119.15,183.92
4252,118.10,183.92
4255,118.10,183.92
4257,118.10,183.92
4259,117.04,183.92
4261,117.04,183.92
4262,117.04,183.92
4265,115.63,183.92
4266,115.63,183.92
4269,114.58,183.92
4270,114.58,183.92
4272,114.58,183.92
4274,113.17,183.92
4276,113.17,183.92
4278,111.76,183.92
4280,111.76,183.92
4282,111.76,183.92
4284,110.71,183.92
4286,110.71,183.92
4287,109.30,183.92
4290,109.30,183.92
4291,109.30,183.92
4294,107.54,183.92
4296,107.54,183.92
4298,106.13,183.92
4300,106.13,183.92
4302,106.13,183.92
4304,104.72,183.92
4306,104.72,183.92
4308,102.96,183.92
4310,102.96,183.92
4312,102.96,183.92
4314,101.20,183.92
4316,101.20,183.92
4317,99.45,183.92
4319,99.45,183.92
4321,99.45,183.92
4323,97.69,183.92
4325,97.69,183.92
4326,97.69,183.92
4329,95.93,183.92
4330,95.93,183.92
4332,95.93,183.92
4334,93.81,183.92
4336,93.81,183.92
4339,92.06,183.92
4340,92.06,183.92
4342,92.06,183.92
4344,89.94,183.92
4346,89.94,183.92
4347,89.94,183.92
4350,87.83,183.92
4351,87.83,183.92
4354,85.72,183.92
4355,85.72,183.92
4357,85.72,183.92
4359,83.61,183.92
4360,83.61,183.92
4362,83.61,183.92
4364,81.50,183.92
4366,81.50,183.92
4368,79.03,183.92
4370,79.03,183.92
4371,79.03,183.92
4374,76.57,183.92
4375,76.57,183.92
4377,76.57,183.92
4379,74.46,183.92
4380,74.46,183.92
4383,72.00,183.92
4385,72.00,183.92
4387,72.00,183.92
4389,69.18,183.92
4391,69.18,183.92
4392,69.18,183.92
4395,66.72,183.92
4396,66.72,183.92
4398,64.25,183.92
4400,64.25,183.92
4401,64.25,183.92
4404,61.44,183.92
4405,61.44,183.92
4407,61.44,183.92
4409,58.62,183.92
4411,58.62,183.92
4412,55.81,183.92
4415,55.81,183.92
4416,55.81,183.92
4418,52.99,183.92
4420,52.99,183.92
4422,52.99,183.92
4425,50.18,183.92
4426,50.18,183.92
4428,47.36,183.92
4430,47.36,183.92
4432,47.36,183.92
4434,44.19,183.92
4436,44.19,183.92
4437,44.19,183.92
4439,41.38,183.92
4441,41.38,183.92
4443,38.21,183.92
4445,38.21,183.92
4446,38.21,183.92
4449,35.40,183.92
4450,35.40,183.92
4452,35.40,183.92
4454,32.23,183.92
4456,32.23,183.92
4457,29.06,183.92
4459,29.06,183.92
4461,29.06,183.92
4463,25.90,183.92
4465,25.90,183.92
4467,25.90,183.92
4470,22.73,183.92
4471,22.73,183.92
4473,19.21,183.92
4475,19.21,183.92
4477,19.21,183.92
4479,16.04,183.92
4480,16.04,183.92
4482,16.04,183.92
4484,12.87,183.92
4486,12.87,183.92
4487,9.71,183.92
4490,9.71,183.92
4491,9.71,183.92
4493,6.19,183.92
4495,6.19,183.92
4496,6.19,183.92
4498,3.02,183.92
4500,3.02,183.92
4501,3.02,183.92
4503,-0.50,183.92
4505,-0.50,183.92
4507,-0.50,183.92
4510,-4.02,183.92
4511,-4.02,183.92
4513,-7.18,183.92
4515,-7.18,183.92
4517,-7.18,183.92
4519,349.30,183.92
4521,349.30,183.92
4522,346.14,183.92
4525,346.14,183.92
4526,346.14,183.92
4529,342.62,183.92
4530,342.62,183.92
4532,342.62,183.92
4534,339.45,183.92
4536,339.45,183.92
4538,335.93,183.92
4540,335.93,183.92
4542,335.93,183.92
4544,332.76,183.92
4546,332.76,183.92
4548,329.25,183.92
4550,329.25,183.92
4552,329.25,183.92
4555,326.08,183.92
4556,326.08,183.92
4558,322.91,183.92
4560,322.91,183.92
4562,322.91,183.92
4564,319.39,183.92
4566,319.39,183.92
4568,316.22,183.92
4570,316.22,183.92
4572,316.22,183.92
4574,313.41,183.92
4576,313.41,183.92
4577,310.24,183.92
4580,310.24,183.92
4581,310.24,183.92
4583,307.07,183.92
4585,307.07,183.92
4587,307.07,183.92
4589,303.91,183.92
4591,303.91,183.92
4593,301.09,183.92
4596,301.09,183.92
4598,301.09,183.92
4600,297.93,183.92
4601,297.93,183.92
4604,295.11,183.92
4605,295.11,183.92
4607,295.11,183.92
4609,291.94,183.92
4611,291.94,183.92
4614,289.13,183.92
4615,289.13,183.92
4617,289.13,183.92
4619,286.31,183.92
4621,286.31,183.92
4622,283.50,183.92
4625,283.50,183.92
4626,283.50,183.92
4629,280.68,183.92
4630,280.68,183.92
4632,278.22,183.92
4634,278.22,183.92
4636,278.22,183.92
4639,275.40,183.92
4641,275.40,183.92
4643,272.94,183.92
4645,272.94,183.92
4647,272.94,183.92
4649,270.48,183.92
4651,270.48,183.92
4652,270.48,183.92
4655,268.01,183.92
4656,268.01,183.92
4659,265.90,183.92
4660,265.90,183.92
4662,265.90,183.92
4664,263.44,183.92
4666,263.44,183.92
4668,262.03,183.92
4670,262.03,183.92
4672,262.03,183.92
4674,262.03,183.92
4676,262.03,183.92
4677,262.03,183.92
4680,262.03,183.92
4682,262.03,183.92
4684,262.03,183.92
4686,262.03,183.92
4688,262.03,183.92
4690,262.03,183.92
4692,262.03,183.92
4694,262.03,183.92
4696,262.03,183.92
4697,262.03,183.92
4699,262.03,183.92
4701,262.03,183.92
4703,262.03,183.92
4705,262.03,183.92
4707,262.03,183.92
4709,262.03,183.92
4711,262.03,183.92
4712,262.03,183.92
4715,262.03,183.92
4716,262.03,183.92
4718,260.62,183.92
4720,260.62,183.92
4723,258.86,183.92
4725,258.86,183.92
4727,258.86,183.92
4729,257.10,183.92
4731,257.10,183.92
4732,257.10,183.92
4735,255.34,183.92
4736,255.34,183.92
4739,253.94,183.92
4740,253.94,183.92
4742,253.94,183.92
4744,252.53,183.92
4746,252.53,183.92
4748,251.12,183.92
4750,251.12,183.92
4752,251.12,183.92
4754,249.71,183.92
4756,249.71,183.92
4757,248.66,183.92
4760,248.66,183.92
4761,248.66,183.92
4764,247.25,183.92
4766,247.25,183.92
4768,245.84,183.92
4770,245.84,183.92
4772,245.84,183.92
4774,245.14,183.92
4776,245.14,183.92
4777,243.73,183.92
4780,243.73,183.92
4781,243.73,183.92
4784,242.67,183.92
4785,242.67,183.92
4787,242.67,183.92
4789,241.97,183.92
4791,241.97,183.92
4793,240.91,183.92
4795,240.91,183.92
4797,240.91,183.92
4799,239.86,183.92
4801,239.86,183.92
4803,239.16,183.92
4805,239.16,183.92
4806,239.16,183.92
4810,238.45,183.92
4811,238.45,183.92
4813,237.75,183.92
4815,237.75,183.92
4817,237.75,183.92
4819,237.04,183.92
4821,237.04,183.92
4823,236.34,183.92
4825,236.34,183.92
4827,236.34,183.92
4829,235.64,183.92
4831,235.64,183.92
4832,235.28,183.92
4835,235.28,183.92
4836,235.28,183.92
4839,234.58,183.92
4840,234.58,183.92
4842,234.23,183.92
4844,234.23,183.92
4846,234.23,183.92
4848,233.88,183.92
4851,233.88,183.92
4853,233.88,183.92
4855,233.17,183.92
4857,233.17,183.92
4859,232.82,183.92
4861,232.82,183.92
4862,232.82,183.92
4865,232.82,183.92
4866,232.82,183.92
4869,232.47,183.92
4870,232.47,183.92
4872,232.47,183.92
4874,232.47,183.92
4876,232.47,183.92
4877,232.12,183.92
4880,232.12,183.92
4881,232.12,183.92
4884,232.12,183.92
4885,232.12,183.92
4887,232.12,183.92
4889,232.12,183.92
4891,232.12,183.92
4894,231.77,183.92
4896,231.77,183.92
4897,231.77,183.92
4900,231.77,183.92
4901,231.77,183.92
4904,232.12,183.92
4905,232.12,183.92
4907,232.12,183.92
4909,232.12,183.92
4911,232.12,183.92
4913,232.12,183.92
4915,232.12,183.92
4917,232.12,183.92
4919,232.47,183.92
4920,232.47,183.92
4922,232.82,183.92
4924,232.82,183.92
4926,232.82,183.92
4928,232.82,183.92
4930,232.82,183.92
4932,232.82,183.92
4934,233.17,183.92
4937,233.17,183.92
4939,233.52,183.92
4941,233.52,183.92
4942,233.52,183.92
4945,233.88,183.92
4946,233.88,183.92
4949,234.23,183.92
4950,234.23,183.92
4952,234.23,183.92
4954,234.93,183.92
4956,234.93,183.92
4958,235.28,183.92
4960,235.28,183.92
4962,235.28,183.92
4964,235.99,183.92
4966,235.99,183.92
4967,236.69,183.92
4969,236.69,183.92
4971,236.69,183.92
4973,237.40,183.92
4975,237.40,183.92
4977,237.40,183.92
4980,238.10,183.92
4982,238.10,183.92
4984,238.80,183.92
4986,238.80,183.92
4987,238.80,183.92
4990,239.51,183.92
4991,239.51,183.92
4994,240.56,183.92
4995,240.56,183.92
4997,240.56,183.92
4999,241.27,183.92
5001,241.27,183.92
5003,242.32,183.92
5005,242.32,183.92
5007,242.32,183.92
5009,243.38,183.92
5011,243.38,183.92
5012,244.43,183.92
5015,244.43,183.92
5016,244.43,183.92
5019,245.49,183.92
5020,245.49,183.92
5023,246.55,183.92
5025,246.55,183.92
5027,246.55,183.92
5029,247.95,183.92
5031,247.95,183.92
5033,249.01,183.92
5035,249.01,183.92
5037,249.01,183.92
5039,250.42,183.92
5041,250.42,183.92
5042,250.42,183.92
5045,251.82,183.92
5046,251.82,183.92
5049,253.23,183.92
5050,253.23,183.92
5052,253.23,183.92
5054,254.64,183.92
5056,254.64,183.92
5058,256.40,183.92
5060,256.40,183.92
5061,256.40,183.92
5065,257.81,183.92
5066,257.81,183.92
5068,259.57,183.92
5070,259.57,183.92
5072,259.57,183.92
5074,261.68,183.92
5076,261.68,183.92
5078,262.03,183.92
5080,262.03,183.92
5082,262.03,183.92
5084,262.03,183.92
5086,262.03,183.92
5087,262.03,183.92
5090,262.03,183.92
5091,262.03,183.92
5093,262.03,183.92
5095,262.03,183.92
5097,262.03,183.92
5099,262.03,183.92
5101,262.03,183.92
5102,255.70,183.92
5105,255.70,183.92
5107,255.70,183.92
5110,262.03,183.92
5111,262.03,183.92
5113,262.03,183.92
5115,262.03,183.92
5117,262.03,183.92
5119,262.03,183.92
5121,262.03,183.92
5122,262.03,183.92
5125,262.03,183.92
5126,262.03,183.92
5129,264.14,183.92
5130,264.14,183.92
5132,264.14,183.92
5134,266.60,183.92
5136,266.60,183.92
5137,268.72,183.92
5140,268.72,183.92
5141,268.72,183.92
5144,271.18,183.92
5145,271.18,183.92
5147,273.64,183.92
5150,273.64,183.92
5152,273.64,183.92
5154,276.46,183.92
5156,276.46,183.92
5158,278.92,183.92
5160,278.92,183.92
5162,278.92,183.92
5164,281.74,183.92
5166,281.74,183.92
5167,284.20,183.92
5170,284.20,183.92
5171,284.20,183.92
5174,287.02,183.92
5175,287.02,183.92
5177,287.02,183.92
5179,289.83,183.92
5181,289.83,183.92
5183,292.65,183.92
5185,292.65,183.92
5186,292.65,183.92
5189,295.81,183.92
5192,295.81,183.92
5193,298.63,183.92
5195,298.63,183.92
5197,298.63,183.92
5199,301.44,183.92
5201,301.44,183.92
5203,304.61,183.92
5205,304.61,183.92
5207,304.61,183.92
5209,307.43,183.92
5211,307.43,183.92
5212,310.59,183.92
5215,310.59,183.92
5216,310.59,183.92
5219,313.76,183.92
5220,313.76,183.92
5222,313.76,183.92
5224,316.93,183.92
5226,316.93,183.92
5228,320.10,183.92
5230,320.10,183.92
5232,320.10,183.92
5235,323.26,183.92
5236,323.26,183.92
5238,326.43,183.92
5241,326.43,183.92
5242,326.43,183.92
5244,329.60,183.92
5246,329.60,183.92
5248,333.12,183.92
5250,333.12,183.92
5252,333.12,183.92
5254,336.28,183.92
5256,336.28,183.92
5257,339.45,183.92
5260,339.45,183.92
5261,339.45,183.92
5264,342.97,183.92
5265,342.97,183.92
5267,342.97,183.92
5269,346.14,183.92
5271,346.14,183.92
5273,349.30,183.92
5275,349.30,183.92
5278,349.30,183.92
5280,-7.18,183.92
5281,-7.18,183.92
5283,-4.02,183.92
5285,-4.02,183.92
5287,-4.02,183.92
5289,-0.50,183.92
5291,-0.50,183.92
5292,-0.50,183.92
5295,2.67,183.92
5296,2.67,183.92
5297,5.84,183.92
5300,5.84,183.92
5301,5.84,183.92
5303,9.36,183.92
5305,9.36,183.92
5306,9.36,183.92
5308,12.52,183.92
5310,12.52,183.92
5312,12.52,183.92
5314,15.69,183.92
5315,15.69,183.92
5317,18.86,183.92
5320,18.86,183.92
5322,18.86,183.92
5324,22.02,183.92
5326,22.02,183.92
5327,22.02,183.92
5329,25.19,183.92
5331,25.19,183.92
5333,25.19,183.92
5335,28.36,183.92
5336,28.36,183.92
5339,31.17,183.92
5340,31.17,183.92
5342,31.17,183.92
5344,34.34,183.92
5346,34.34,183.92
5347,34.34,183.92
5349,37.16,183.92
5351,37.16,183.92
5352,40.32,183.92
5355,40.32,183.92
5356,40.32,183.92
5358,43.14,183.92
5360,43.14,183.92
5363,43.14,183.92
5365,45.95,183.92
5366,45.95,183.92
5368,48.77,183.92
5370,48.77,183.92
5372,48.77,183.92
5374,51.59,183.92
5376,51.59,183.92
5377,51.59,183.92
5379,54.40,183.92
5381,54.40,183.92
5383,56.86,183.92
5385,56.86,183.92
5386,56.86,183.92
5389,59.68,183.92
5390,59.68,183.92
5392,59.68,183.92
5394,62.14,183.92
5396,62.14,183.92
5397,64.96,183.92
5399,64.96,183.92
5401,64.96,183.92
5403,67.07,183.92
5406,67.07,183.92
5407,67.07,183.92
5410,69.53,183.92
5411,69.53,183.92
5413,69.53,183.92
5415,72.00,183.92
5417,72.00,183.92
5419,74.46,183.92
5420,74.46,183.92
5422,74.46,183.92
5424,76.57,183.92
5426,76.57,183.92
5427,76.57,183.92
5430,78.68,183.92
5431,78.68,183.92
5433,80.79,183.92
5435,80.79,183.92
5437,80.79,183.92
5439,82.91,183.92
5440,82.91,183.92
5442,82.91,183.92
5444,85.02,183.92
5446,85.02,183.92
5449,87.13,183.92
5451,87.13,183.92
5452,87.13,183.92
5454,88.89,183.92
5456,88.89,183.92
5458,88.89,183.92
5460,90.65,183.92
5461,90.65,183.92
5463,92.41,183.92
5465,92.41,183.92
5467,92.41,183.92
5469,94.17,183.92
5471,94.17,183.92
5472,94.17,183.92
5474,95.93,183.92
5476,95.93,183.92
5478,97.69,183.92
5480,97.69,183.92
5481,97.69,183.92
5483,99.09,183.92
5485,99.09,183.92
5487,99.09,183.92
5489,100.85,183.92
5491,100.85,183.92
5493,102.26,183.92
5495,102.26,183.92
5497,102.26,183.92
5499,103.67,183.92
5501,103.67,183.92
5503,104.72,183.92
5505,104.72,183.92
5507,104.72,183.92
5509,106.13,183.92
5511,106.13,183.92
5512,106.13,183.92
5515,107.54,183.92
5516,107.54,183.92
5519,108.60,183.92
5520,108.60,183.92
5522,108.60,183.92
5524,109.65,183.92
5526,109.65,183.92
5528,110.71,183.92
5530,110.71,183.92
5532,110.71,183.92
5535,111.76,183.92
5537,111.76,183.92
5538,112.82,183.92
5541,112.82,183.92
5542,112.82,183.92
5545,113.87,183.92
5546,113.87,183.92
5548,114.58,183.92
5550,114.58,183.92
5552,114.58,183.92
5554,115.63,183.92
5556,115.63,183.92
5557,116.34,183.92
5560,116.34,183.92
5561,116.34,183.92
5564,117.04,183.92
5565,117.04,183.92
5567,117.74,183.92
5569,117.74,183.92
5571,117.74,183.92
5573,118.45,183.92
5576,118.45,183.92
5578,118.45,183.92
5580,119.15,183.92
5582,119.15,183.92
5584,119.50,183.92
5586,119.50,183.92
5587,119.50,183.92
5590,119.86,183.92
5591,119.86,183.92
5594,120.56,183.92
5595,120.56,183.92
5597,120.56,183.92
5599,120.91,183.92
5601,120.91,183.92
5603,121.26,183.92
5605,121.26,183.92
5607,121.26,183.92
5609,121.62,183.92
5611,121.62,183.92
5612,121.62,183.92
5615,121.62,183.92
5616,121.62,183.92
5620,121.97,183.92
5621,121.97,183.92
5623,122.32,183.92
5625,122.32,183.92
5627,122.32,183.92
5629,122.32,183.92
5631,122.32,183.92
5632,122.32,183.92
5635,122.32,183.92
5636,122.32,183.92
5639,122.32,183.92
5640,122.32,183.92
5642,122.32,183.92
5644,122.32,183.92
5646,122.32,183.92
5648,122.32,183.92
5650,122.32,183.92
5651,122.32,183.92
5654,122.32,183.92
5655,122.32,183.92
5657,122.32,183.92
5659,121.97,183.92
5662,121.97,183.92
5664,121.97,183.92
5666,121.97,183.92
5668,121.97,183.92
5670,121.62,183.92
5672,121.62,183.92
5674,121.26,183.92
5675,121.26,183.92
5677,121.26,183.92
5679,120.91,183.92
5681,120.91,183.92
5683,120.56,183.92
5685,120.56,183.92
5687,120.56,183.92
5689,120.21,183.92
5691,120.21,183.92
5692,119.50,183.92
5695,119.50,183.92
5696,119.50,183.92
5699,119.15,183.92
5700,119.15,183.92
5702,118.45,183.92
5705,118.45,183.92
5707,118.45,183.92
5709,117.74,183.92
5711,117.74,183.92
5713,117.74,183.92
5715,117.04,183.92
5717,117.04,183.92
5719,116.34,183.92
5721,116.34,183.92
5722,116.34,183.92
5725,115.63,183.92
5726,115.63,183.92
5729,114.93,183.92
5730,114.93,183.92
5732,114.93,183.92
5734,113.87,183.92
5736,113.87,183.92
5738,113.17,183.92
5740,113.17,183.92
5742,113.17,183.92
5744,112.11,183.92
5747,112.11,183.92
5748,111.06,183.92
5751,111.06,183.92
5752,111.06,183.92
5755,110.00,183.92
5756,110.00,183.92
5758,108.95,183.92
5760,108.95,183.92
5762,108.95,183.92
5764,107.54,183.92
5766,107.54,183.92
5768,106.48,183.92
5770,106.48,183.92
5771,106.48,183.92
5774,105.08,183.92
5775,105.08,183.92
5777,105.08,183.92
5779,104.02,183.92
5781,104.02,183.92
5783,102.61,183.92
5785,102.61,183.92
5787,102.61,183.92
5790,101.20,183.92
5792,101.20,183.92
5794,99.45,183.92
5796,99.45,183.92
5797,99.45,183.92
5799,98.04,183.92
5801,98.04,183.92
5803,98.04,183.92
5805,96.63,183.92
5806,96.63,183.92
5809,94.87,183.92
5810,94.87,183.92
5812,94.87,183.92
5814,93.11,183.92
5816,93.11,183.92
5817,93.11,183.92
5819,91.35,183.92
5821,91.35,183.92
5823,89.59,183.92
5825,89.59,183.92
5826,89.59,183.92
5829,87.48,183.92
5830,87.48,183.92
5833,87.48,183.92
5835,85.72,183.92
5837,85.72,183.92
5838,83.61,183.92
5841,83.61,183.92
5842,83.61,183.92
5844,81.50,183.92
5846,81.50,183.92
5847,81.50,183.92
5850,79.74,183.92
5851,79.74,183.92
5853,77.27,183.92
5855,77.27,183.92
5857,77.27,183.92
5859,75.16,183.92
5860,75.16,183.92
5862,75.16,183.92
5864,72.70,183.92
5866,72.70,183.92
5868,70.59,183.92
5870,70.59,183.92
5871,70.59,183.92
5875,68.12,183.92
5876,68.12,183.92
5878,68.12,183.92
5880,65.66,183.92
5882,65.66,183.92
5883,63.20,183.92
5885,63.20,183.92
5887,63.20,183.92
5889,60.73,183.92
5891,60.73,183.92
5892,60.73,183.92
5895,58.27,183.92
5896,58.27,183.92
5898,55.46,183.92
5900,55.46,183.92
5902,55.46,183.92
5904,52.99,183.92
5905,52.99,183.92
5907,52.99,183.92
5909,50.18,183.92
5911,50.18,183.92
5912,47.36,183.92
5915,47.36,183.92
5916,47.36,183.92
5919,44.55,183.92
5921,44.55,183.92
5923,44.55,183.92
5925,41.38,183.92
5926,41.38,183.92
5928,38.56,183.92
5930,38.56,183.92
5932,38.56,183.92
5934,35.75,183.92
5936,35.75,183.92
5937,35.75,183.92
5939,32.58,183.92
5941,32.58,183.92
5943,29.77,183.92
5945,29.77,183.92
5946,29.77,183.92
5949,26.60,183.92
5950,26.60,183.92
5952,26.60,183.92
5954,23.78,183.92
5956,23.78,183.92
5957,20.62,183.92
5960,20.62,183.92
5962,20.62,183.92
5964,17.45,183.92
5966,17.45,183.92
5967,17.45,183.92
5970,14.28,183.92
5971,14.28,183.92
5973,11.11,183.92
5975,11.11,183.92
5977,11.11,183.92
5979,7.95,183.92
5980,7.95,183.92
5982,7.95,183.92
5984,4.78,183.92
5985,4.78,183.92
5987,4.78,183.92
5989,1.61,183.92
5991,1.61,183.92
5992,1.61,183.92
5994,-1.91,183.92
5996,-1.91,183.92
5997,-5.07,183.92
6000,-5.07,183.92
6001,-5.07,183.92
6004,-8.24,183.92
6006,-8.24,183.92
6008,-8.24,183.92
6010,348.60,183.92
6012,348.60,183.92
6014,345.08,183.92
6016,345.08,183.92
6017,345.08,183.92
6020,341.91,183.92
6021,341.91,183.92
6023,338.75,183.92
6025,338.75,183.92
6027,338.75,183.92
6029,335.58,183.92
6031,335.58,183.92
6032,332.41,183.92
6035,332.41,183.92
6036,332.41,183.92
6039,329.25,183.92
6040,329.25,183.92
6042,326.08,183.92
6044,326.08,183.92
6047,326.08,183.92
6049,322.91,183.92
6051,322.91,183.92
6053,322.91,183.92
6055,319.74,183.92
6057,319.74,183.92
6059,316.58,183.92
6061,316.58,183.92
6062,316.58,183.92
6065,313.41,183.92
6066,313.41,183.92
6069,310.59,183.92
6070,310.59,183.92
6072,310.59,183.92
6074,307.43,183.92
6076,307.43,183.92
6078,304.61,183.92
6080,304.61,183.92
6082,304.61,183.92
6084,301.80,183.92
6086,301.80,183.92
6088,298.98,183.92
6091,298.98,183.92
6092,298.98,183.92
6095,296.17,183.92
6096,296.17,183.92
6098,293.35,183.92
6100,293.35,183.92
6102,293.35,183.92
6104,290.53,183.92
6106,290.53,183.92
6108,287.72,183.92
6110,287.72,183.92
6112,287.72,183.92
6114,284.90,183.92
6116,284.90,183.92
6117,284.90,183.92
6120,282.44,183.92
6121,282.44,183.92
6124,279.98,183.92
6125,279.98,183.92
6127,279.98,183.92
6129,277.51,183.92
6132,277.51,183.92
6134,275.05,183.92
6136,275.05,183.92
6137,275.05,183.92
6140,272.59,183.92
6141,272.59,183.92
6144,270.48,183.92
6145,270.48,183.92
6147,270.48,183.92
6149,268.01,183.92
6151,268.01,183.92
6153,265.90,183.92
6155,265.90,183.92
6157,265.90,183.92
6159,263.79,183.92
6161,263.79,183.92
6162,262.03,183.92
6165,262.03,183.92
6166,262.03,183.92
6169,262.03,183.92
6170,262.03,183.92
6172,262.03,183.92
6175,262.03,183.92
6177,262.03,183.92
6179,262.03,183.92
6181,262.03,183.92
6182,262.03,183.92
6185,262.03,183.92
6186,262.03,183.92
6188,262.03,183.92
6190,262.03,183.92
6192,262.03,183.92
6194,262.03,183.92
6196,262.03,183.92
6198,262.03,183.92
6200,262.03,183.92
6201,262.03,183.92
6204,262.03,183.92
6205,262.03,183.92
6207,262.03,183.92
6209,262.03,183.92
6211,262.03,183.92
6212,262.03,183.92
6216,262.03,183.92
6217,262.03,183.92
6220,261.33,183.92
6221,261.33,183.92
6223,259.57,183.92
6225,259.57,183.92
6227,259.57,183.92
6229,258.16,183.92
6231,258.16,183.92
6233,256.75,183.92
6235,256.75,183.92
6237,256.75,183.92
6239,255.70,183.92
6241,255.70,183.92
6242,255.70,183.92
6245,254.29,183.92
6246,254.29,183.92
6249,253.23,183.92
6250,253.23,183.92
6252,253.23,183.92
6254,252.18,183.92
6256,252.18,183.92
6259,251.12,183.92
6261,251.12,183.92
6263,251.12,183.92
6265,250.06,183.92
6267,250.06,183.92
6269,249.01,183.92
6271,249.01,183.92
6272,249.01,183.92
6275,247.95,183.92
6276,247.95,183.92
6278,247.25,183.92
6280,247.25,183.92
6282,247.25,183.92
6284,246.55,183.92
6286,246.55,183.92
6287,245.49,183.92
6290,245.49,183.92
6292,245.49,183.92
6294,244.79,183.92
6295,244.79,183.92
6297,244.43,183.92
6299,244.43,183.92
6302,244.43,183.92
6304,243.73,183.92
6306,243.73,183.92
6308,243.73,183.92
6310,243.03,183.92
6312,243.03,183.92
6314,242.67,183.92
6316,242.67,183.92
6317,242.67,183.92
6320,241.97,183.92
6321,241.97,183.92
6324,241.62,183.92
6325,241.62,183.92
6327,241.62,183.92
6329,241.27,183.92
6331,241.27,183.92
6333,241.27,183.92
6335,241.27,183.92
6337,241.27,183.92
6339,240.91,183.92
6341,240.91,183.92
6342,240.56,183.92
6346,240.56,183.92
6347,240.56,183.92
6350,240.56,183.92
6351,240.56,183.92
6353,240.56,183.92
6355,240.56,183.92
6357,240.56,183.92
6359,240.21,183.92
6361,240.21,183.92
6362,240.21,183.92
6365,240.21,183.92
6366,240.21,183.92
6369,240.21,183.92
6370,240.21,183.92
6372,240.21,183.92
6374,240.56,183.92
6376,240.56,183.92
6377,240.56,183.92
6380,240.56,183.92
6381,240.56,183.92
6384,240.91,183.92
6385,240.91,183.92
6388,240.91,183.92
6390,240.91,183.92
6392,240.91,183.92
6394,241.27,183.92
6396,241.27,183.92
6398,241.27,183.92
6400,241.62,183.92
6402,241.62,183.92
6404,241.97,183.92
6406,241.97,183.92
6407,241.97,183.92
6409,242.32,183.92
6411,242.32,183.92
6413,242.67,183.92
6415,242.67,183.92
6417,242.67,183.92
6419,243.38,183.92
6421,243.38,183.92
6422,243.73,183.92
6425,243.73,183.92
6426,243.73,183.92
6430,244.43,183.92
6431,244.43,183.92
6433,245.14,183.92
6435,245.14,183.92
6437,245.14,183.92
6439,245.84,183.92
6441,245.84,183.92
6443,246.55,183.92
6445,246.55,183.92
6447,246.55,183.92
6449,247.60,183.92
6451,247.60,183.92
6452,247.60,183.92
6455,248.31,183.92
6456,248.31,183.92
6459,249.36,183.92
6460,249.36,183.92
6462,249.36,183.92
6464,250.06,183.92
6466,250.06,183.92
6468,251.12,183.92
6470,251.12,183.92
6473,251.12,183.92
6475,252.18,183.92
6477,252.18,183.92
6478,253.58,183.92
6481,253.58,183.92
6482,253.58,183.92
6484,254.64,183.92
6486,254.64,183.92
6488,255.70,183.92
6490,255.70,183.92
6492,255.70,183.92
6494,257.10,183.92
6496,257.10,183.92
6497,258.51,183.92
6500,258.51,183.92
6501,258.51,183.92
6504,259.92,183.92
6505,259.92,183.92
6507,259.92,183.92
6509,261.68,183.92
6511,261.68,183.92
6513,262.03,183.92
6516,262.03,183.92
6518,262.03,183.92
6520,262.03,183.92
6522,262.03,183.92
6524,262.03,183.92
6526,262.03,183.92
6527,262.03,183.92
6529,262.03,183.92
6531,262.03,183.92
6533,262.03,183.92
6535,262.03,183.92
6537,262.03,183.92
6539,262.03,183.92
6541,262.03,183.92
6542,262.03,183.92
6545,294.41,183.92
6546,294.41,183.92
6549,262.03,183.92
6550,262.03,183.92
6552,262.03,183.92
6554,262.03,183.92
6556,262.03,183.92
6558,262.03,183.92
6561,262.03,183.92
6562,262.03,183.92
6565,262.03,183.92
6566,262.03,183.92
6568,263.79,183.92
6570,263.79,183.92
6572,263.79,183.92
6574,266.25,183.92
6576,266.25,183.92
6578,266.25,183.92
6580,268.36,183.92
6582,268.36,183.92
6584,270.48,183.92
6585,270.48,183.92
6587,270.48,183.92
6590,272.94,183.92
6591,272.94,183.92
6593,275.05,183.92
6595,275.05,183.92
6597,275.05,183.92
6600,277.51,183.92
6602,277.51,183.92
6604,279.98,183.92
6606,279.98,183.92
6607,279.98,183.92
6610,282.44,183.92
6611,282.44,183.92
6613,285.26,183.92
6615,285.26,183.92
6617,285.26,183.92
6619,287.72,183.92
6621,287.72,183.92
6623,290.53,183.92
6625,290.53,183.92
6627,290.53,183.92
6629,293.35,183.92
6631,293.35,183.92
6632,296.17,183.92
6635,296.17,183.92
6636,296.17,183.92
6639,298.98,183.92
6640,298.98,183.92
6643,298.98,183.92
6645,301.80,183.92
6647,301.80,183.92
6649,304.61,183.92
6651,304.61,183.92
6652,304.61,183.92
6655,307.43,183.92
6656,307.43,183.92
6658,310.59,183.92
6660,310.59,183.92
6662,310.59,183.92
6664,313.41,183.92
6666,313.41,183.92
6668,316.22,183.92
6670,316.22,183.92
6672,316.22,183.92
6674,319.39,183.92
6676,319.39,183.92
6677,322.56,183.92
6680,322.56,183.92
6681,322.56,183.92
6684,325.73,183.92
6686,325.73,183.92
6688,325.73,183.92
6690,328.89,183.92
6692,328.89,183.92
6694,332.06,183.92
6696,332.06,183.92
6697,332.06,183.92
6700,335.23,183.92
6701,335.23,183.92
6704,338.40,183.92
6705,338.40,183.92
6707,338.40,183.92
6709,341.56,183.92
6711,341.56,183.92
6713,344.73,183.92
6715,344.73,183.92
6717,344.73,183.92
6719,347.90,183.92
6721,347.90,183.92
6722,-8.94,183.92
6725,-8.94,183.92
6726,-8.94,183.92
6729,-5.78,183.92
6731,-5.78,183.92
6732,-5.78,183.92
6735,-2.61,183.92
6736,-2.61,183.92
6738,-2.61,183.92
6740,0.56,183.92
6742,0.56,183.92
6743,3.72,183.92
6745,3.72,183.92
6747,3.72,183.92
6749,6.89,183.92
6750,6.89,183.92
6752,6.89,183.92
6754,10.06,183.92
6756,10.06,183.92
6757,10.06,183.92
6759,13.23,183.92
6761,13.23,183.92
6763,16.04,183.92
6765,16.04,183.92
6766,16.04,183.92
6769,19.21,183.92
6771,19.21,183.92
6773,19.21,183.92
6775,22.38,183.92
6777,22.38,183.92
6778,25.19,183.92
6780,25.19,183.92
6782,25.19,183.92
6784,28.36,183.92
6786,28.36,183.92
6787,28.36,183.92
6790,31.17,183.92
6791,31.17,183.92
6793,33.99,183.92
6795,33.99,183.92
6797,33.99,183.92
6799,36.80,183.92
6800,36.80,183.92
6802,36.80,183.92
6804,39.62,183.92
6806,39.62,183.92
6807,42.44,183.92
6810,42.44,183.92
6811,42.44,183.92
6814,45.25,183.92
6816,45.25,183.92
6818,45.25,183.92
6820,48.07,183.92
6821,48.07,183.92
6823,48.07,183.92
6825,50.53,183.92
6827,50.53,183.92
6829,53.34,183.92
6830,53.34,183.92
6832,53.34,183.92
6834,55.81,183.92
6836,55.81,183.92
6837,55.81,183.92
6840,58.27,183.92
6841,58.27,183.92
6844,60.73,183.92
6845,60.73,183.92
6847,60.73,183.92
6849,63.20,183.92
6850,63.20,183.92
6852,63.20,183.92
6854,65.66,183.92
6857,65.66,183.92
6858,67.77,183.92
6861,67.77,183.92
6862,67.77,183.92
6865,70.24,183.92
6866,70.24,183.92
6868,70.24,183.92
6870,72.35,183.92
6872,72.35,183.92
6873,74.46,183.92
6875,74.46,183.92
6877,74.46,183.92
6879,76.57,183.92
6881,76.57,183.92
6882,76.57,183.92
6885,78.68,183.92
6886,78.68,183.92
6888,80.44,183.92
6890,80.44,183.92
6892,80.44,183.92
6894,82.55,183.92
6895,82.55,183.92
6897,82.55,183.92
6900,84.31,183.92
6902,84.31,183.92
6903,86.07,183.92
6905,86.07,183.92
6907,86.07,183.92
6909,87.83,183.92
6911,87.83,183.92
6912,87.83,183.92
6915,89.59,183.92
6916,89.59,183.92
6918,91.35,183.92
6920,91.35,183.92
6922,91.35,183.92
6924,92.76,183.92
6925,92.76,183.92
6927,92.76,183.92
6929,94.17,183.92
6931,94.17,183.92
6932,95.57,183.92
6935,95.57,183.92
6936,95.57,183.92
6939,97.33,183.92
6940,97.33,183.92
6943,97.33,183.92
6945,98.39,183.92
6946,98.39,183.92
6948,98.39,183.92
6950,99.80,183.92
6952,99.80,183.92
6953,101.20,183.92
6956,101.20,183.92
6957,101.20,183.92
6960,102.26,183.92
6961,102.26,183.92
6963,103.32,183.92
6965,103.32,183.92
6967,103.32,183.92
6969,104.37,183.92
6971,104.37,183.92
6973,105.43,183.92
6975,105.43,183.92
6977,105.43,183.92
6979,106.13,183.92
6980,106.13,183.92
6982,106.13,183.92
6985,107.19,183.92
6987,107.19,183.92
6989,108.24,183.92
6991,108.24,183.92
6993,108.24,183.92
6995,108.95,183.92
6997,108.95,183.92
6999,109.65,183.92
7001,109.65,183.92
7002,109.65,183.92
7005,110.35,183.92
7006,110.35,183.92
7008,111.06,183.92
7010,111.06,183.92
7012,111.06,183.92
7014,111.41,183.92
7016,111.41,183.92
7018,112.11,183.92
7020,112.11,183.92
7022,112.11,183.92
7024,112.47,183.92
7027,112.47,183.92
7028,113.17,183.92
7030,113.17,183.92
7032,113.17,183.92
7034,113.52,183.92
7036,113.52,183.92
7038,113.52,183.92
7040,113.87,183.92
7042,113.87,183.92
7044,114.23,183.92
7046,114.23,183.92
7047,114.23,183.92
7050,114.23,183.92
7051,114.23,183.92
7054,114.58,183.92
7055,114.58,183.92
7057,114.58,183.92
7059,114.58,183.92
7061,114.58,183.92
7063,114.58,183.92
7065,114.58,183.92
7067,114.58,183.92
7070,114.93,183.92
7071,114.93,183.92
7073,114.93,183.92
7075,114.93,183.92
7077,114.93,183.92
7079,114.58,183.92
7081,114.58,183.92
7083,114.58,183.92
7085,114.58,183.92
7087,114.58,183.92
7089,114.58,183.92
7091,114.58,183.92
7092,114.58,183.92
7095,114.23,183.92
7096,114.23,183.92
7098,113.87,183.92
7100,113.87,183.92
7102,113.87,183.92
7104,113.52,183.92
7106,113.52,183.92
7107,113.17,183.92
7110,113.17,183.92
7112,113.17,183.92
7115,112.82,183.92
7116,112.82,183.92
7118,112.47,183.92
7120,112.47,183.92
7122,112.47,183.92
7124,111.76,183.92
7126,111.76,183.92
7128,111.76,183.92
7130,111.41,183.92
7132,111.41,183.92
7134,110.71,183.92
7136,110.71,183.92
7137,110.71,183.92
7140,110.00,183.92
7141,110.00,183.92
7144,109.30,183.92
7145,109.30,183.92
7147,109.30,183.92
7149,108.60,183.92
7151,108.60,183.92
7153,107.89,183.92
7156,107.89,183.92
7158,107.89,183.92
7160,106.84,183.92
7162,106.84,183.92
7163,106.13,183.92
7166,106.13,183.92
7167,106.13,183.92
7170,105.08,183.92
7171,105.08,183.92
7173,104.02,183.92
7175,104.02,183.92
7177,104.02,183.92
7179,102.96,183.92
7181,102.96,183.92
7183,102.96,183.92
7185,101.91,183.92
7186,101.91,183.92
7189,100.50,183.92
7191,100.50,183.92
7192,100.50,183.92
7195,99.45,183.92
7196,99.45,183.92
7199,98.04,183.92
7201,98.04,183.92
7202,98.04,183.92
7205,96.63,183.92
7206,96.63,183.92
7208,96.63,183.92
7210,95.22,183.92
7211,95.22,183.92
7213,93.81,183.92
7215,93.81,183.92
7217,93.81,183.92
7219,92.41,183.92
7221,92.41,183.92
7222,92.41,183.92
7225,90.65,183.92
7226,90.65,183.92
7228,89.24,183.92
7230,89.24,183.92
7232,89.24,183.92
7234,87.48,183.92
7235,87.48,183.92
7237,87.48,183.92
7240,85.72,183.92
7242,85.72,183.92
7243,83.96,183.92
7246,83.96,183.92
7247,83.96,183.92
7249,82.20,183.92
7251,82.20,183.92
7253,82.20,183.92
7255,80.09,183.92
7256,80.09,183.92
7258,77.98,183.92
7260,77.98,183.92
7262,77.98,183.92
7264,76.22,183.92
7266,76.22,183.92
7267,76.22,183.92
7269,74.11,183.92
7271,74.11,183.92
7273,72.00,183.92
7275,72.00,183.92
7276,72.00,183.92
7279,69.53,183.92
7280,69.53,183.92
7283,69.53,183.92
7285,67.42,183.92
7287,67.42,183.92
7288,65.31,183.92
7290,65.31,183.92
7292,65.31,183.92
7294,62.85,183.92
7296,62.85,183.92
7297,62.85,183.92
7300,60.38,183.92
7301,60.38,183.92
7303,60.38,183.92
7305,57.92,183.92
7307,57.92,183.92
7309,55.46,183.92
7310,55.46,183.92
7312,55.46,183.92
7314,52.99,183.92
7316,52.99,183.92
7317,52.99,183.92
7320,50.18,183.92
7321,50.18,183.92
7323,47.71,183.92
7326,47.71,183.92
7328,47.71,183.92
7330,44.90,183.92
7331,44.90,183.92
7333,44.90,183.92
7335,42.08,183.92
7337,42.08,183.92
7338,39.27,183.92
7341,39.27,183.92
7342,39.27,183.92
7344,36.80,183.92
7346,36.80,183.92
7348,36.80,183.92
7350,33.64,183.92
7351,33.64,183.92
7353,30.82,183.92
7355,30.82,183.92
7357,30.82,183.92
7359,28.01,183.92
7361,28.01,183.92
7362,28.01,183.92
7364,25.19,183.92
7366,25.19,183.92
7369,22.02,183.92
7371,22.02,183.92
7372,22.02,183.92
7375,19.21,183.92
7376,19.21,183.92
7378,19.21,183.92
7380,16.04,183.92
7382,16.04,183.92
7383,13.23,183.92
7385,13.23,183.92
7387,13.23,183.92
7389,10.06,183.92
7391,10.06,183.92
7392,10.06,183.92
7395,6.89,183.92
7396,6.89,183.92
7398,3.72,183.92
7400,3.72,183.92
7401,3.72,183.92
7403,0.56,183.92
7405,0.56,183.92
7406,0.56,183.92
7409,-2.61,183.92
7411,-2.61,183.92
7413,-2.61,183.92
7415,-5.43,183.92
7417,-5.43,183.92
7418,-8.94,183.92
7420,-8.94,183.92
7422,-8.94,183.92
7424,348.25,183.92
7426,348.25,183.92
7428,348.25,183.92
7430,345.08,183.92
7432,345.08,183.92
7434,341.91,183.92
7435,341.91,183.92
7437,341.91,183.92
7440,338.75,183.92
7441,338.75,183.92
7443,335.58,183.92
7445,335.58,183.92
7447,335.58,183.92
7449,332.41,183.92
7451,332.41,183.92
7452,329.60,183.92
7456,329.60,183.92
7457,329.60,183.92
7460,326.43,183.92
7461,326.43,183.92
7463,323.26,183.92
7465,323.26,183.92
7467,323.26,183.92
7469,320.10,183.92
7471,320.10,183.92
7473,320.10,183.92
7475,317.28,183.92
7477,317.28,183.92
7479,314.47,183.92
7481,314.47,183.92
7482,314.47,183.92
7485,311.65,183.92
7486,311.65,183.92
7489,308.48,183.92
7490,308.48,183.92
7492,308.48,183.92
7494,305.67,183.92
7497,305.67,183.92
7499,302.85,183.92
7501,302.85,183.92
7503,302.85,183.92
7505,300.04,183.92
7507,300.04,183.92
7508,297.57,183.92
7511,297.57,183.92
7512,297.57,183.92
7515,294.76,183.92
7516,294.76,183.92
7518,291.94,183.92
7520,291.94,183.92
7522,291.94,183.92
7524,289.48,183.92
7526,289.48,183.92
7528,287.02,183.92
7530,287.02,183.92
7532,287.02,183.92
7534,284.55,183.92
7535,284.55,183.92
7537,284.55,183.92
7541,282.09,183.92
7542,282.09,183.92
7545,279.63,183.92
7546,279.63,183.92
7548,279.63,183.92
7550,277.16,183.92
7552,277.16,183.92
7554,275.05,183.92
7556,275.05,183.92
7557,275.05,183.92
7560,272.94,183.92
7561,272.94,183.92
7563,270.48,183.92
7565,270.48,183.92
7567,270.48,183.92
7569,268.36,183.92
7571,268.36,183.92
7573,266.60,183.92
7575,266.60,183.92
7577,266.60,183.92
7579,264.49,183.92
7582,264.49,183.92
7583,262.38,183.92
7586,262.38,183.92
7587,262.38,183.92
7590,262.03,183.92
7591,262.03,183.92
7593,262.03,183.92
7595,262.03,183.92
7597,262.03,183.92
7599,262.03,183.92
7601,262.03,183.92
7602,262.03,183.92
7605,262.03,183.92
7606,262.03,183.92
7608,262.03,183.92
7610,262.03,183.92
7612,262.03,183.92
7614,262.03,183.92
7616,262.03,183.92
7618,262.03,183.92
7620,262.03,183.92
7621,262.03,183.92
7625,262.03,183.92
7626,262.03,183.92
7628,262.03,183.92
7630,262.03,183.92
7632,262.03,183.92
7634,262.03,183.92
7636,262.03,183.92
7637,262.03,183.92
7640,262.03,183.92
7641,262.03,183.92
7643,262.03,183.92
7645,262.03,183.92
7647,262.03,183.92
7649,261.33,183.92
7651,261.33,183.92
7653,261.33,183.92
7655,259.92,183.92
7657,259.92,183.92
7659,258.86,183.92
7661,258.86,183.92
7662,258.86,183.92
7665,257.45,183.92
7667,257.45,183.92
7670,256.40,183.92
7671,256.40,183.92
7673,256.40,183.92
7675,255.34,183.92
7677,255.34,183.92
7679,254.64,183.92
7681,254.64,183.92
7682,254.64,183.92
7685,253.58,183.92
7686,253.58,183.92
7688,252.88,183.92
7690,252.88,183.92
7692,252.88,183.92
7694,252.18,183.92
7696,252.18,183.92
7698,251.47,183.92
7700,251.47,183.92
7702,251.47,183.92
7704,250.77,183.92
7706,250.77,183.92
7707,250.42,183.92
7711,250.42,183.92
7712,250.42,183.92
7715,249.71,183.92
7716,249.71,183.92
7718,249.71,183.92
7720,249.36,183.92
7722,249.36,183.92
7724,249.01,183.92
7726,249.01,183.92
7728,249.01,183.92
7730,248.66,183.92
7732,248.66,183.92
7734,248.31,183.92
7736,248.31,183.92
7737,248.31,183.92
7740,247.95,183.92
7741,247.95,183.92
7744,247.60,183.92
7745,247.60,183.92
7747,247.60,183.92
7749,247.60,183.92
7752,247.60,183.92
7754,247.25,183.92
7756,247.25,183.92
7757,247.25,183.92
7760,247.25,183.92
7761,247.25,183.92
7763,247.25,183.92
7765,247.25,183.92
7767,247.25,183.92
7769,247.25,183.92
7771,247.25,183.92
7773,247.25,183.92
7775,247.25,183.92
7776,247.25,183.92
7778,247.60,183.92
7780,247.60,183.92
7782,247.60,183.92
7784,247.60,183.92
7786,247.60,183.92
7788,247.95,183.92
7790,247.95,183.92
7792,247.95,183.92
7795,248.31,183.92
7797,248.31,183.92
7798,248.66,183.92
7801,248.66,183.92
7802,248.66,183.92
7805,249.01,183.92
7806,249.01,183.92
7808,249.01,183.92
7810,249.36,183.92
7812,249.36,183.92
7814,250.06,183.92
7816,250.06,183.92
7818,250.06,183.92
7820,250.42,183.92
7822,250.42,183.92
7824,251.12,183.92
7826,251.12,183.92
7827,251.12,183.92
7829,251.82,183.92
7831,251.82,183.92
7833,252.53,183.92
7835,252.53,183.92
7838,252.53,183.92
7840,253.23,183.92
7842,253.23,183.92
7843,253.94,183.92
7846,253.94,183.92
7847,253.94,183.92
7850,254.99,183.92
7851,254.99,183.92
7853,255.70,183.92
7855,255.70,183.92
7857,255.70,183.92
7859,256.75,183.92
7861,256.75,183.92
7863,256.75,183.92
7865,257.81,183.92
7867,257.81,183.92
7869,258.86,183.92
7871,258.86,183.92
7872,258.86,183.92
7875,260.27,183.92
7876,260.27,183.92
7880,261.68,183.92
7881,261.68,183.92
7883,261.68,183.92
7885,262.03,183.92
7887,262.03,183.92
7889,262.03,183.92
7891,262.03,183.92
7893,262.03,183.92
7895,262.03,183.92
7897,262.03,183.92
7898,262.03,183.92
7900,262.03,183.92
7902,262.03,183.92
7904,262.03,183.92
7906,262.03,183.92
7908,262.03,183.92
7910,262.03,183.92
7911,262.03,183.92
7914,262.03,183.92
7915,262.03,183.92
7917,262.03,183.92
7919,262.03,183.92
7921,262.03,183.92
7924,262.03,183.92
7926,262.03,183.92
7928,262.03,183.92
7930,262.03,183.92
7931,262.03,183.92
7933,262.03,183.92
7935,262.03,183.92
7937,262.03,183.92
7939,262.03,183.92
7941,262.03,183.92
7943,262.03,183.92
7945,262.73,183.92
7947,262.73,183.92
7949,264.49,183.92
7951,264.49,183.92
7952,264.49,183.92
7954,266.60,183.92
7956,266.60,183.92
7958,268.72,183.92
7960,268.72,183.92
7962,268.72,183.92
7964,270.83,183.92
7967,270.83,183.92
7968,272.94,183.92
7971,272.94,183.92
7972,272.94,183.92
7975,275.05,183.92
7976,275.05,183.92
7978,277.51,183.92
7980,277.51,183.92
7982,277.51,183.92
7984,279.63,183.92
7986,279.63,183.92
7988,279.63,183.92
7990,282.09,183.92
7992,282.09,183.92
7994,284.55,183.92
7996,284.55,183.92
7997,284.55,183.92
8000,287.02,183.92
8001,287.02,183.92
8004,289.83,183.92
8005,289.83,183.92
8008,289.83,183.92
8010,292.29,183.92
8012,292.29,183.92
8014,294.76,183.92
8016,294.76,183.92
8018,294.76,183.92
8020,297.57,183.92
8022,297.57,183.92
8023,300.04,183.92
8026,300.04,183.92
8027,300.04,183.92
8029,302.85,183.92
8031,302.85,183.92
8033,305.67,183.92
8035,305.67,183.92
8037,305.67,183.92
8039,308.48,183.92
8041,308.48,183.92
8042,308.48,183.92
8045,311.30,183.92
8046,311.30,183.92
8049,314.11,183.92
8051,314.11,183.92
8053,314.11,183.92
8055,316.93,183.92
8057,316.93,183.92
8059,320.10,183.92
8061,320.10,183.92
8063,320.10,183.92
8065,322.91,183.92
8067,322.91,183.92
8069,326.08,183.92
8071,326.08,183.92
8072,326.08,183.92
8075,329.25,183.92
8076,329.25,183.92
8078,332.06,183.92
8080,332.06,183.92
8082,332.06,183.92
8084,335.23,183.92
8086,335.23,183.92
8088,338.40,183.92
8090,338.40,183.92
8092,338.40,183.92
8095,341.21,183.92
8097,341.21,183.92
8098,344.38,183.92
8101,344.38,183.92
8102,344.38,183.92
8105,347.55,183.92
8106,347.55,183.92
8108,347.55,183.92
8110,-9.65,183.92
8112,-9.65,183.92
8114,-6.48,183.92
8116,-6.48,183.92
8117,-6.48,183.92
8119,-3.31,183.92
8121,-3.31,183.92
8123,-3.31,183.92
8125,-0.15,183.92
8126,-0.15,183.92
8129,3.02,183.92
8130,3.02,183.92
8132,3.02,183.92
8134,5.84,183.92
8136,5.84,183.92
8138,5.84,183.92
8140,9.00,183.92
8141,9.00,183.92
8143,9.00,183.92
8145,12.17,183.92
8147,12.17,183.92
8148,14.99,183.92
8150,14.99,183.92
8152,14.99,183.92
8154,17.80,183.92
8156,17.80,183.92
8157,17.80,183.92
8160,20.97,183.92
8161,20.97,183.92
8163,23.78,183.92
8165,23.78,183.92
8167,23.78,183.92
8169,26.60,183.92
8171,26.60,183.92
8172,26.60,183.92
8174,29.41,183.92
8176,29.41,183.92
8177,32.23,183.92
8181,32.23,183.92
8182,32.23,183.92
8185,35.05,183.92
8186,35.05,183.92
8188,35.05,183.92
8190,37.86,183.92
8192,37.86,183.92
8193,40.32,183.92
8195,40.32,183.92
8197,40.32,183.92
8199,43.14,183.92
8201,43.14,183.92
8202,43.14,183.92
8205,45.60,183.92
8206,45.60,183.92
8208,48.42,183.92
8210,48.42,183.92
8212,48.42,183.92
8214,50.88,183.92
8215,50.88,183.92
8217,50.88,183.92
8219,53.34,183.92
8222,53.34,183.92
8223,55.81,183.92
8226,55.81,183.92
8227,55.81,183.92
8229,58.27,183.92
8231,58.27,183.92
8233,58.27,183.92
8235,60.38,183.92
8236,60.38,183.92
8238,60.38,183.92
8240,62.85,183.92
8242,62.85,183.92
8244,64.96,183.92
8246,64.96,183.92
8247,64.96,183.92
8249,67.07,183.92
8251,67.07,183.92
8253,67.07,183.92
8255,69.18,183.92
8256,69.18,183.92
8259,71.29,183.92
8260,71.29,183.92
8262,71.29,183.92
8265,73.40,183.92
8267,73.40,183.92
8268,73.40,183.92
8270,75.16,183.92
8272,75.16,183.92
8274,77.27,183.92
8276,77.27,183.92
8277,77.27,183.92
8280,79.03,183.92
8281,79.03,183.92
8283,79.03,183.92
8285,80.79,183.92
8287,80.79,183.92
8288,82.55,183.92
8290,82.55,183.92
8292,82.55,183.92
8294,84.31,183.92
8296,84.31,183.92
8297,84.31,183.92
8300,85.72,183.92
8301,85.72,183.92
8303,87.48,183.92
8305,87.48,183.92
8308,87.48,183.92
8310,88.89,183.92
8311,88.89,183.92
8313,88.89,183.92
8315,90.30,183.92
8317,90.30,183.92
8318,91.70,183.92
8321,91.70,183.92
8322,91.70,183.92
8324,93.11,183.92
8326,93.11,183.92
8328,93.11,183.92
8330,94.17,183.92
8331,94.17,183.92
8333,95.57,183.92
8335,95.57,183.92
8337,95.57,183.92
8339,96.63,183.92
8341,96.63,183.92
8342,96.63,183.92
8345,97.69,183.92
8346,97.69,183.92
8348,98.74,183.92
8351,98.74,183.92
8352,98.74,183.92
8355,99.80,183.92
8356,99.80,183.92
8358,99.80,183.92
8360,100.85,183.92
8362,100.85,183.92
8363,101.56,183.92
8366,101.56,183.92
8367,101.56,183.92
8370,102.26,183.92
8371,102.26,183.92
8373,103.32,183.92
8375,103.32,183.92
8377,103.32,183.92
8379,104.02,183.92
8381,104.02,183.92
8383,104.37,183.92
8385,104.37,183.92
8387,104.37,183.92
8389,105.08,183.92
8392,105.08,183.92
8393,105.78,183.92
8396,105.78,183.92
8397,105.78,183.92
8400,106.13,183.92
8401,106.13,183.92
8403,106.13,183.92
8405,106.48,183.92
8407,106.48,183.92
8409,106.84,183.92
8411,106.84,183.92
8413,106.84,183.92
8415,107.19,183.92
8417,107.19,183.92
8419,107.54,183.92
8421,107.54,183.92
8422,107.54,183.92
8425,107.89,183.92
8426,107.89,183.92
8428,107.89,183.92
8430,107.89,183.92
8432,107.89,183.92
8435,108.24,183.92
8437,108.24,183.92
8438,108.24,183.92
8441,108.24,183.92
8442,108.24,183.92
8445,108.24,183.92
8446,108.24,183.92
8448,108.24,183.92
8450,108.24,183.92
8452,108.24,183.92
8454,108.24,183.92
8456,108.24,183.92
8457,108.24,183.92
8460,107.89,183.92
8461,107.89,183.92
8463,107.89,183.92
8465,107.89,183.92
8467,107.89,183.92
8469,107.54,183.92
8471,107.54,183.92
8473,107.19,183.92
8475,107.19,183.92
8478,107.19,183.92
8480,106.84,183.92
8482,106.84,183.92
8483,106.84,183.92
8485,106.48,183.92
8487,106.48,183.92
8490,106.13,183.92
8491,106.13,183.92
8493,106.13,183.92
8495,105.78,183.92
8497,105.78,183.92
8499,105.08,183.92
8501,105.08,183.92
8502,105.08,183.92
8505,104.37,183.92
8506,104.37,183.92
8509,103.67,183.92
8510,103.67,183.92
8512,103.67,183.92
8514,102.96,183.92
8516,102.96,183.92
8518,102.26,183.92
8521,102.26,183.92
8523,102.26,183.92
8525,101.56,183.92
8527,101.56,183.92
8528,100.50,183.92
8531,100.50,183.92
8532,100.50,183.92
8535,99.80,183.92
8536,99.80,183.92
8538,99.80,183.92
8540,98.74,183.92
8542,98.74,183.92
8544,97.69,183.92
8546,97.69,183.92
8547,97.69,183.92
8549,96.63,183.92
8551,96.63,183.92
8552,96.63,183.92
8555,95.57,183.92
8556,95.57,183.92
8558,94.17,183.92
8560,94.17,183.92
8563,94.17,183.92
8565,93.11,183.92
8567,93.11,183.92
8568,93.11,183.92
8570,91.70,183.92
8572,91.70,183.92
8573,90.30,183.92
8576,90.30,183.92
8577,90.30,183.92
8580,88.89,183.92
8581,88.89,183.92
8583,88.89,183.92
8585,87.48,183.92
8586,87.48,183.92
8588,85.72,183.92
8590,85.72,183.92
8592,85.72,183.92
8594,84.31,183.92
8596,84.31,183.92
8597,84.31,183.92
8600,82.55,183.92
8601,82.55,183.92
8603,80.79,183.92
8606,80.79,183.92
8608,80.79,183.92
8610,79.03,183.92
8611,79.03,183.92
8613,79.03,183.92
8615,76.92,183.92
8617,76.92,183.92
8618,75.16,183.92
8621,75.16,183.92
8622,75.16,183.92
8624,73.40,183.92
8626,73.40,183.92
8628,73.40,183.92
8630,71.29,183.92
8631,71.29,183.92
8633,69.18,183.92
8635,69.18,183.92
8637,69.18,183.92
8639,67.42,183.92
8641,67.42,183.92
8642,67.42,183.92
8644,64.96,183.92
8646,64.96,183.92
8649,62.85,183.92
8651,62.85,183.92
8652,62.85,183.92
8655,60.73,183.92
8656,60.73,183.92
8658,60.73,183.92
8660,58.27,183.92
8662,58.27,183.92
8663,55.81,183.92
8665,55.81,183.92
8667,55.81,183.92
8669,53.70,183.92
8671,53.70,183.92
8672,53.70,183.92
8675,50.88,183.92
8676,50.88,183.92
8678,48.42,183.92
8680,48.42,183.92
8682,48.42,183.92
8684,45.95,183.92
8685,45.95,183.92
8687,45.95,183.92
8689,43.14,183.92
8692,43.14,183.92
8693,40.68,183.92
8696,40.68,183.92
8697,40.68,183.92
8699,38.21,183.92
8701,38.21,183.92
8703,38.21,183.92
8705,35.40,183.92
8706,35.40,183.92
8708,32.58,183.92
8710,32.58,183.92
8712,32.58,183.92
8714,30.12,183.92
8716,30.12,183.92
8717,30.12,183.92
8719,26.95,183.92
8721,26.95,183.92
8723,24.14,183.92
8725,24.14,183.92
8726,24.14,183.92
8729,21.32,183.92
8730,21.32,183.92
8732,21.32,183.92
8735,18.51,183.92
8737,18.51,183.92
8738,18.51,183.92
8741,15.69,183.92
8742,15.69,183.92
8744,12.52,183.92
8746,12.52,183.92
8747,12.52,183.92
8750,9.71,183.92
8751,9.71,183.92
8753,9.71,183.92
8755,6.54,183.92
8756,6.54,183.92
8758,3.72,183.92
8760,3.72,183.92
8761,3.72,183.92
8763,0.56,183.92
8765,0.56,183.92
8767,0.56,183.92
8769,-2.26,183.92
8770,-2.26,183.92
8772,-2.26,183.92
8774,-5.43,183.92
8777,-5.43,183.92
8778,-8.59,183.92
8781,-8.59,183.92
8782,-8.59,183.92
8784,348.60,183.92
8786,348.60,183.92
8788,348.60,183.92
8790,345.43,183.92
8792,345.43,183.92
8794,342.62,183.92
8796,342.62,183.92
8797,342.62,183.92
8800,339.45,183.92
8801,339.45,183.92
8803,336.28,183.92
8805,336.28,183.92
8807,336.28,183.92
8809,333.47,183.92
8811,333.47,183.92
8813,330.30,183.92
8815,330.30,183.92
8817,330.30,183.92
8820,327.49,183.92
8822,327.49,183.92
8823,324.32,183.92
8826,324.32,183.92
8827,324.32,183.92
8830,321.50,183.92
8831,321.50,183.92
8833,321.50,183.92
8835,318.69,183.92
8837,318.69,183.92
8839,315.87,183.92
8841,315.87,183.92
8843,315.87,183.92
8845,313.06,183.92
8847,313.06,183.92
8849,310.24,183.92
8851,310.24,183.92
8852,310.24,183.92
8854,307.43,183.92
8856,307.43,183.92
8858,304.61,183.92
8860,304.61,183.92
8863,304.61,183.92
8865,302.15,183.92
8867,302.15,183.92
8868,299.33,183.92
8871,299.33,183.92
8872,299.33,183.92
8875,296.87,183.92
8876,296.87,183.92
8878,294.41,183.92
8880,294.41,183.92
8882,294.41,183.92
8884,291.59,183.92
8886,291.59,183.92
8888,291.59,183.92
8890,289.13,183.92
8892,289.13,183.92
8894,287.02,183.92
8896,287.02,183.92
8897,287.02,183.92
8900,284.55,183.92
8901,284.55,183.92
8905,282.09,183.92
8906,282.09,183.92
8908,282.09,183.92
8910,279.98,183.92
8912,279.98,183.92
8914,277.51,183.92
8916,277.51,183.92
8918,277.51,183.92
8920,275.40,183.92
8922,275.40,183.92
8923,273.29,183.92
8926,273.29,183.92
8927,273.29,183.92
8930,271.18,183.92
8931,271.18,183.92
8933,269.42,183.92
8935,269.42,183.92
8937,269.42,183.92
8939,267.31,183.92
8941,267.31,183.92
8943,265.55,183.92
8945,265.55,183.92
8948,265.55,183.92
8950,263.79,183.92
8952,263.79,183.92
8953,263.79,183.92
8955,262.03,183.92
8957,262.03,183.92
8959,262.03,183.92
8961,262.03,183.92
8963,262.03,183.92
8965,262.03,183.92
8967,262.03,183.92
8968,262.03,183.92
8971,262.03,183.92
8972,262.03,183.92
8974,262.03,183.92
8976,262.03,183.92
8978,262.03,183.92
8980,262.03,183.92
8982,262.03,183.92
8984,262.03,183.92
8986,262.03,183.92
8987,262.03,183.92
8991,262.03,183.92
8992,262.03,183.92
8994,262.03,183.92
8996,262.03,183.92
8998,262.03,183.92
9000,262.03,183.92
9002,262.03,183.92
9003,262.03,183.92
9006,262.03,183.92
9007,262.03,183.92
9009,262.03,183.92
9011,262.03,183.92
9013,262.03,183.92
9015,262.03,183.92
9017,262.03,183.92
9019,262.03,183.92
9021,262.03,183.92
9022,262.03,183.92
9025,262.03,183.92
9026,262.03,183.92
9028,261.33,183.92
9030,261.33,183.92
9033,261.33,183.92
9035,260.27,183.92
9037,260.27,183.92
9038,259.21,183.92
9041,259.21,183.92
9042,259.21,183.92
9045,258.51,183.92
9046,258.51,183.92
9048,257.81,183.92
9050,257.81,183.92
9052,257.81,183.92
9054,257.10,183.92
9056,257.10,183.92
9058,257.10,183.92
9060,256.40,183.92
9062,256.40,183.92
9064,255.70,183.92
9066,255.70,183.92
9067,255.70,183.92
9070,255.34,183.92
9071,255.34,183.92
9075,254.99,183.92
9076,254.99,183.92
9078,254.99,183.92
9080,254.64,183.92
9082,254.64,183.92
9084,254.29,183.92
9086,254.29,183.92
9087,254.29,183.92
9090,253.94,183.92
9092,253.94,183.92
9093,253.58,183.92
9096,253.58,183.92
9097,253.58,183.92
9099,253.58,183.92
9101,253.58,183.92
9103,253.58,183.92
9105,253.23,183.92
9107,253.23,183.92
9109,253.23,183.92
9111,253.23,183.92
9112,253.23,183.92
9115,253.23,183.92
9116,253.23,183.92
9120,253.23,183.92
9121,253.23,183.92
9123,253.23,183.92
9125,253.23,183.92
9127,253.23,183.92
9128,253.58,183.92
9131,253.58,183.92
9132,253.58,183.92
9135,253.58,183.92
9136,253.58,183.92
9138,253.58,183.9