2,174.76,158.08
4,174.76,158.08
5,174.76,158.08
6,174.76,158.08
8,174.76,158.08
10,174.76,158.08
11,174.76,158.08
13,174.76,158.08
15,174.76,158.08
16,174.76,158.08
18,174.76,158.08
20,174.76,158.08
21,174.76,158.08
24,174.76,158.08
25,174.76,158.08
27,174.76,158.08
30,174.76,158.08
31,174.76,158.08
33,174.76,158.08
35,174.76,158.08
36,174.76,158.08
38,175.11,158.08
40,175.11,158.08
41,175.11,158.08
44,175.11,158.08
45,175.11,158.08
46,175.11,158.08
49,174.76,158.08
50,174.76,158.08
52,174.76,158.08
54,175.11,158.08
55,175.11,158.08
57,175.11,158.08
59,175.11,158.08
60,175.11,158.08
62,175.11,158.08
64,175.11,158.08
65,175.11,158.08
67,175.11,158.08
69,174.76,158.08
72,174.76,158.08
73,175.11,158.08
75,175.11,158.08
77,175.11,158.08
79,175.11,158.08
80,175.11,158.08
82,175.11,158.08
84,175.11,158.08
85,175.11,158.08
87,175.11,158.08
89,175.11,158.08
90,175.11,158.08
92,175.11,158.08
94,175.11,158.08
96,175.11,158.08
97,175.11,158.08
99,175.11,158.08
101,175.11,158.08
102,175.11,158.08
104,175.11,158.08
106,175.11,158.08
108,175.11,158.08
110,175.11,158.08
111,175.11,158.08
113,175.11,158.08
116,175.11,158.08
118,175.11,158.08
120,175.11,158.08
121,175.11,158.08
123,175.11,158.08
125,175.11,158.08
127,175.11,158.08
129,175.11,158.08
131,175.11,158.08
132,175.11,158.08
134,175.11,158.08
136,175.11,158.08
137,174.76,158.08
140,174.76,158.08
141,174.76,158.08
143,175.11,158.08
145,175.11,158.08
147,175.11,158.08
149,175.11,158.08
150,175.11,158.08
152,175.11,158.08
154,175.11,158.08
156,175.11,158.08
159,175.11,158.08
161,175.11,158.08
162,175.11,158.08
164,175.11,158.08
166,175.11,158.08
167,175.11,158.08
170,174.76,158.08
171,174.76,158.08
173,175.11,158.08
175,175.11,158.08
177,175.11,158.08
179,175.11,158.08
180,175.11,158.08
182,175.11,158.08
184,175.11,158.08
186,175.11,158.08
187,175.11,158.08
189,175.11,158.08
191,175.11,158.08
193,175.11,158.08
195,175.11,158.08
196,175.11,158.08
200,175.11,158.08
201,175.11,158.08
203,175.11,158.08
205,175.11,158.08
207,175.11,158.08
208,175.11,158.08
210,175.11,158.08
212,175.11,158.08
214,174.76,158.08
216,174.76,158.08
217,174.76,158.08
219,175.11,158.08
221,175.11,158.08
223,175.11,158.08
225,175.11,158.08
226,175.11,158.08
229,175.11,158.08
230,175.11,158.08
232,175.11,158.08
234,175.11,158.08
236,175.11,158.08
237,175.46,158.08
239,175.46,158.08
241,175.46,158.08
244,175.11,158.08
246,175.11,158.08
247,175.11,158.08
250,175.46,158.08
251,175.46,158.08
253,175.46,158.08
255,175.46,158.08
256,175.46,158.08
259,175.46,158.08
260,175.46,158.08
262,175.46,158.08
264,175.46,158.08
266,175.46,158.08
267,175.46,158.08
269,175.11,158.08
271,175.11,158.08
272,175.46,158.08
275,175.46,158.08
276,175.46,158.08
279,175.46,158.08
280,175.46,158.08
282,175.46,158.08
284,175.46,158.08
286,175.46,158.08
288,175.46,158.08
290,175.46,158.08
292,175.46,158.08
294,175.81,158.08
295,175.81,158.08
297,175.81,158.08
299,175.81,158.08
301,175.81,158.08
302,175.81,158.08
305,175.81,158.08
306,175.81,158.08
309,175.81,158.08
310,175.81,158.08
312,175.81,158.08
314,175.46,158.08
315,175.46,158.08
317,175.46,158.08
319,175.81,158.08
321,175.81,158.08
322,175.81,158.08
325,175.81,158.08
326,175.81,158.08
329,175.81,158.08
331,175.81,158.08
333,175.81,158.08
335,175.81,158.08
336,175.81,158.08
338,175.81,158.08
340,175.81,158.08
342,175.81,158.08
344,175.81,158.08
345,175.81,158.08
347,175.81,158.08
349,175.81,158.08
351,175.81,158.08
352,175.81,158.08
354,175.81,158.08
356,175.81,158.08
358,175.81,158.08
360,175.81,158.08
361,175.81,158.08
363,175.81,158.08
365,175.81,158.08
367,175.81,158.08
369,175.46,158.08
371,175.46,158.08
373,175.46,158.08
375,175.46,158.08
377,175.46,158.08
379,175.46,158.08
381,175.46,158.08
382,175.46,158.08
384,175.46,158.08
386,175.46,158.08
388,175.46,158.08
390,175.46,158.08
391,175.46,158.08
393,175.46,158.08
395,175.46,158.08
397,175.46,158.08
399,175.46,158.08
400,175.46,158.08
402,175.46,158.08
404,175.46,158.08
406,175.46,158.08
407,175.46,158.08
409,175.46,158.08
411,175.46,158.08
414,175.11,158.08
416,175.11,158.08
417,175.11,158.08
420,175.46,158.08
421,175.46,158.08
423,175.46,158.08
425,174.76,158.08
427,174.76,158.08
429,175.11,158.08
430,175.11,158.08
432,175.11,158.08
434,174.76,158.08
436,174.76,158.08
437,174.76,158.08
440,175.11,158.08
441,175.11,158.08
444,174.76,158.08
445,174.76,158.08
447,174.76,158.08
449,174.76,158.08
451,174.76,158.08
452,174.76,158.08
454,174.76,158.08
457,174.76,158.08
459,175.11,158.08
461,175.11,158.08
462,175.11,158.08
464,174.40,158.08
466,174.40,158.08
468,174.40,158.08
470,174.05,158.08
471,174.05,158.08
473,174.40,158.08
475,174.40,158.08
477,174.40,158.08
479,174.05,158.08
481,174.05,158.08
482,174.05,158.08
484,174.05,158.08
486,174.05,158.08
488,174.05,158.08
490,174.05,158.08
491,174.05,158.08
494,173.70,158.08
495,173.70,158.08
497,173.70,158.08
500,173.35,158.08
502,173.35,158.08
503,173.35,158.08
505,173.35,158.08
507,173.35,158.08
509,173.35,158.08
511,173.35,158.08
512,173.35,158.08
514,173.35,158.08
516,173.35,158.08
518,173.35,158.08
520,173.00,158.08
521,173.00,158.08
523,172.64,158.08
525,172.64,158.08
527,172.64,158.08
529,172.64,158.08
531,172.64,158.08
532,172.64,158.08
534,172.64,158.08
536,172.64,158.08
537,172.29,158.08
540,172.29,158.08
542,172.29,158.08
544,171.94,158.08
546,171.94,158.08
548,171.94,158.08
550,172.29,158.08
551,172.29,158.08
553,171.94,158.08
555,171.94,158.08
557,171.94,158.08
559,171.59,158.08
561,171.59,158.08
562,171.59,158.08
564,171.59,158.08
566,171.59,158.08
568,171.59,158.08
570,171.24,158.08
571,171.24,158.08
574,170.88,158.08
575,170.88,158.08
577,170.88,158.08
579,170.88,158.08
581,170.88,158.08
582,170.88,158.08
585,170.53,158.08
587,170.53,158.08
588,170.18,158.08
591,170.18,158.08
592,170.18,158.08
594,169.83,158.08
596,169.83,158.08
598,169.83,158.08
600,169.83,158.08
602,169.83,158.08
603,169.48,158.08
605,169.48,158.08
607,169.48,158.08
609,169.12,158.08
611,169.12,158.08
612,169.12,158.08
615,168.77,158.08
616,168.77,158.08
618,168.42,158.08
620,168.42,158.08
621,168.42,158.08
624,168.42,158.08
625,168.42,158.08
628,168.42,158.08
630,167.72,158.08
632,167.72,158.08
633,167.36,158.08
636,167.36,158.08
637,167.36,158.08
639,167.01,158.08
641,167.01,158.08
643,167.01,158.08
645,166.66,158.08
646,166.66,158.08
648,166.31,158.08
650,166.31,158.08
652,166.31,158.08
654,165.61,158.08
656,165.61,158.08
657,165.61,158.08
659,165.61,158.08
661,165.61,158.08
663,165.25,158.08
665,165.25,158.08
666,165.25,158.08
670,164.90,158.08
671,164.90,158.08
673,164.90,158.08
675,164.55,158.08
677,164.55,158.08
678,163.85,158.08
680,163.85,158.08
682,163.85,158.08
684,163.49,158.08
686,163.49,158.08
687,163.49,158.08
690,162.79,158.08
691,162.79,158.08
693,162.79,158.08
695,162.44,158.08
697,162.44,158.08
699,161.73,158.08
700,161.73,158.08
702,161.73,158.08
704,161.38,158.08
706,161.38,158.08
707,161.38,158.08
710,160.68,158.08
712,160.68,158.08
714,160.33,158.08
716,160.33,158.08
718,160.33,158.08
720,159.62,158.08
721,159.62,158.08
723,159.62,158.08
725,158.92,158.08
727,158.92,158.08
729,158.57,158.08
731,158.57,158.08
732,158.57,158.08
734,157.86,158.08
736,157.86,158.08
738,157.86,158.08
740,157.16,158.08
741,157.16,158.08
744,156.46,158.08
745,156.46,158.08
747,156.46,158.08
749,155.75,158.08
751,155.75,158.08
752,155.75,158.08
756,155.05,158.08
757,155.05,158.08
759,154.34,158.08
761,154.34,158.08
762,154.34,158.08
765,153.64,158.08
766,153.64,158.08
768,153.64,158.08
770,153.29,158.08
772,153.29,158.08
773,151.88,158.08
776,151.88,158.08
777,151.88,158.08
779,151.18,158.08
781,151.18,158.08
783,151.18,158.08
785,150.12,158.08
786,150.12,158.08
788,149.42,158.08
790,149.42,158.08
792,149.42,158.08
794,148.36,158.08
796,148.36,158.08
798,148.36,158.08
800,147.31,158.08
802,147.31,158.08
804,146.60,158.08
806,146.60,158.08
807,146.60,158.08
810,145.19,158.08
811,145.19,158.08
813,145.19,158.08
815,144.14,158.08
817,144.14,158.08
818,143.43,158.08
820,143.43,158.08
822,143.43,158.08
824,142.03,158.08
826,142.03,158.08
827,142.03,158.08
830,140.97,158.08
831,140.97,158.08
833,139.92,158.08
835,139.92,158.08
836,139.92,158.08
840,138.51,158.08
841,138.51,158.08
843,138.51,158.08
845,137.45,158.08
847,137.45,158.08
848,137.45,158.30
850,136.04,158.30
852,136.04,158.30
854,134.99,158.30
856,134.99,158.30
857,134.99,158.30
859,133.58,158.30
861,133.58,158.30
863,133.58,158.30
865,132.17,158.30
866,132.17,158.30
868,130.77,158.30
870,130.77,158.30
872,130.77,158.30
874,129.36,158.30
875,129.36,158.30
877,129.36,158.30
879,127.60,158.30
881,127.60,158.30
883,127.60,158.30
886,126.19,158.30
887,126.19,158.30
889,124.43,158.30
891,124.43,158.30
893,124.43,158.30
895,123.02,158.30
896,123.02,158.30
898,123.02,158.30
900,121.26,158.30
902,121.26,158.30
903,119.50,158.30
905,119.50,158.30
907,119.50,158.30
909,117.74,158.30
911,117.74,158.30
912,117.74,158.30
915,115.63,158.30
916,115.63,158.30
918,113.87,158.30
920,113.87,158.30
922,113.87,158.30
924,111.76,158.30
927,111.76,158.30
928,111.76,158.30
930,110.00,158.30
932,110.00,158.30
933,107.89,158.30
936,107.89,158.30
937,107.89,158.30
939,106.13,158.30
941,106.13,158.30
942,106.13,158.30
945,104.02,158.30
946,104.02,158.30
948,104.02,158.30
950,101.56,158.30
952,101.56,158.30
954,99.45,158.30
955,99.45,158.30
957,99.45,158.30
959,96.98,158.30
961,96.98,158.30
962,96.98,158.30
964,94.87,158.30
966,94.87,158.30
968,94.87,158.30
970,92.41,158.30
972,92.41,158.30
973,92.41,158.30
976,89.94,158.30
977,89.94,158.30
979,87.48,158.30
981,87.48,158.30
982,87.48,158.30
984,85.02,158.30
986,85.02,158.30
987,85.02,158.30
989,82.20,158.30
991,82.20,158.30
992,82.20,158.30
994,79.39,158.30
996,79.39,158.30
997,79.39,158.30
1000,76.57,158.30
1001,76.57,158.30
1003,74.11,158.30
1005,74.11,158.30
1007,74.11,158.30
1009,71.29,158.30
1011,71.29,158.30
1013,71.29,158.30
1015,68.12,158.30
1017,68.12,158.30
1018,65.31,158.30
1020,65.31,158.30
1022,65.31,158.30
1024,62.14,158.30
1026,62.14,158.30
1027,62.14,158.30
1030,59.33,158.30
1031,59.33,158.30
1033,59.33,158.30
1035,56.16,158.30
1036,56.16,158.30
1038,52.99,158.30
1040,52.99,158.30
1042,52.99,158.30
1044,49.83,158.30
1046,49.83,158.30
1047,49.83,158.30
1049,46.31,158.30
1051,46.31,158.30
1054,43.14,158.30
1056,43.14,158.30
1057,43.14,158.30
1060,39.62,158.30
1061,39.62,158.30
1063,39.62,158.30
1065,36.45,158.30
1066,36.45,158.30
1068,36.45,158.30
1070,32.93,158.30
1072,32.93,158.30
1073,29.77,158.30
1076,29.77,158.30
1077,29.77,158.30
1079,26.25,158.30
1081,26.25,158.30
1082,26.25,158.30
1085,22.73,158.30
1086,22.73,158.30
1088,19.21,158.30
1090,19.21,158.30
1091,19.21,158.30
1094,15.69,158.30
1096,15.69,158.30
1098,15.69,158.30
1100,12.17,158.30
1102,12.17,158.30
1103,12.17,158.30
1105,8.65,158.30
1107,8.65,158.30
1108,4.78,158.30
1110,4.78,158.30
1112,4.78,158.30
1113,1.26,158.30
1116,1.26,158.30
1117,1.26,158.30
1119,-2.61,158.30
1121,-2.61,158.30
1122,-2.61,158.30
1125,-6.13,158.30
1126,-6.13,158.30
1128,-6.13,158.30
1130,-10.00,158.30
1132,-10.00,158.30
1134,346.49,158.30
1135,346.49,158.30
1137,346.49,158.30
1140,342.97,158.30
1142,342.97,158.30
1144,339.45,158.30
1146,339.45,158.30
1148,339.45,158.30
1150,335.58,158.30
1152,335.58,158.30
1153,332.06,158.30
1156,332.06,158.30
1157,332.06,158.30
1160,328.54,158.30
1161,328.54,158.30
1163,325.02,158.30
1165,325.02,158.30
1167,325.02,158.30
1169,321.50,158.30
1171,321.50,158.30
1173,321.50,158.30
1175,317.98,158.30
1177,317.98,158.30
1179,314.47,158.30
1182,314.47,158.30
1183,314.47,158.30
1185,310.95,158.30
1187,310.95,158.30
1190,307.43,158.30
1191,307.43,158.30
1193,307.43,158.30
1195,304.26,158.30
1197,304.26,158.30
1198,301.09,158.30
1201,301.09,158.30
1202,301.09,158.30
1205,297.57,158.30
1206,297.57,158.30
1208,297.57,158.30
1210,294.41,158.30
1212,294.41,158.30
1214,290.89,158.30
1216,290.89,158.30
1217,290.89,158.30
1220,287.72,158.30
1221,287.72,158.30
1224,284.55,158.30
1226,284.55,158.30
1228,284.55,158.30
1230,281.74,158.30
1232,281.74,158.30
1233,278.57,158.30
1236,278.57,158.30
1237,278.57,158.30
1240,275.75,158.30
1241,275.75,158.30
1243,275.75,158.30
1245,272.94,158.30
1247,272.94,158.30
1248,269.77,158.30
1251,269.77,158.30
1253,269.77,158.30
1255,267.31,158.30
1256,267.31,158.30
1258,264.49,158.30
1260,264.49,158.30
1262,264.49,158.30
1264,262.03,158.30
1267,262.03,158.30
1269,262.03,158.30
1271,262.03,158.30
1273,262.03,158.30
1275,262.03,158.30
1277,262.03,158.30
1278,262.03,158.30
1281,262.03,158.30
1282,262.03,158.30
1284,262.03,158.30
1286,262.03,158.30
1288,262.03,158.30
1290,262.03,158.30
1292,262.03,158.30
1293,262.03,158.30
1295,262.03,158.30
1297,262.03,158.30
1300,262.03,158.30
1301,262.03,158.30
1303,261.68,158.30
1305,261.68,158.30
1307,261.68,158.30
1310,259.21,158.30
1312,259.21,158.30
1313,259.21,158.30
1316,256.75,158.30
1317,256.75,158.30
1320,254.64,158.30
1321,254.64,158.30
1323,254.64,158.30
1325,252.88,158.30
1327,252.88,158.30
1329,250.77,158.30
1331,250.77,158.30
1333,250.77,158.30
1335,249.01,158.30
1337,249.01,158.30
1338,246.90,158.30
1340,246.90,158.30
1342,246.90,158.30
1344,245.14,158.30
1346,245.14,158.30
1348,243.38,158.30
1350,243.38,158.30
1353,243.38,158.30
1355,241.62,158.30
1357,241.62,158.30
1358,241.62,158.30
1361,239.86,158.30
1362,239.86,158.30
1365,238.45,158.30
1366,238.45,158.30
1368,238.45,158.30
1370,236.69,158.30
1372,236.69,158.30
1374,235.28,158.30
1376,235.28,158.30
1378,235.28,158.30
1380,233.88,158.30
1382,233.88,158.30
1383,232.47,158.30
1386,232.47,158.30
1387,232.47,158.30
1390,231.06,158.30
1391,231.06,158.30
1393,229.65,158.30
1396,229.65,158.30
1398,229.65,158.30
1400,228.60,158.30
1402,228.60,158.30
1404,227.19,158.30
1406,227.19,158.30
1408,227.19,158.30
1410,226.13,158.30
1412,226.13,158.30
1413,226.13,158.30
1416,225.08,158.30
1417,225.08,158.30
1419,223.67,158.30
1421,223.67,158.30
1423,223.67,158.30
1425,222.62,158.30
1427,222.62,158.30
1429,221.56,158.30
1431,221.56,158.30
1432,221.56,158.30
1435,220.50,158.30
1436,220.50,158.30
1439,219.45,158.30
1441,219.45,158.30
1443,219.45,158.30
1445,218.74,158.30
1447,218.74,158.30
1449,217.69,158.30
1451,217.69,158.30
1453,217.69,158.30
1455,216.98,158.30
1457,216.98,158.30
1458,215.93,158.30
1460,215.93,158.30
1462,215.93,158.30
1464,215.23,158.30
1466,215.23,158.30
1468,215.23,158.30
1470,214.52,158.30
1472,214.52,158.30
1473,213.82,158.30
1476,213.82,158.30
1477,213.82,158.30
1481,213.11,158.30
1482,213.11,158.30
1484,212.06,158.30
1486,212.06,158.30
1488,212.06,158.30
1490,211.71,158.30
1492,211.71,158.30
1494,211.00,158.30
1496,211.00,158.30
1498,211.00,158.30
1500,210.30,158.08
1502,210.30,158.08
1503,209.95,158.08
1506,209.95,158.08
1507,209.95,158.08
1510,209.24,158.08
1511,209.24,158.08
1513,209.24,158.08
1515,208.54,158.08
1517,208.54,158.08
1519,208.19,158.08
1521,208.19,158.08
1523,208.19,157.86
1526,207.84,157.86
1528,207.84,157.86
1530,207.13,157.86
1532,207.13,157.86
1533,207.13,157.86
1535,206.78,157.86
1537,206.78,157.86
1539,206.43,157.64
1541,206.43,157.64
1543,206.43,157.64
1545,206.08,157.64
1547,206.08,157.64
1548,205.37,157.64
1551,205.37,157.64
1552,205.37,157.64
1555,205.37,157.42
1556,205.37,157.42
1558,205.02,157.42
1560,205.02,157.42
1562,205.02,157.42
1564,204.67,157.42
1567,204.67,157.42
1569,204.67,157.20
1571,204.32,157.20
1573,204.32,157.20
1575,204.67,157.20
1577,204.67,157.20
1578,204.67,157.20
1581,203.96,157.20
1582,203.96,157.20
1585,203.61,157.20
1586,203.61,157.20
1588,203.61,156.98
1590,203.61,156.98
1592,203.61,156.98
1594,202.91,156.98
1596,202.91,156.98
1597,202.91,156.98
1600,203.26,156.98
1602,203.26,156.98
1603,203.26,156.98
1605,203.26,156.98
1608,203.26,156.98
1610,203.26,156.98
1612,203.26,156.98
1614,203.26,156.98
1616,202.91,156.98
1618,202.91,156.98
1620,203.26,156.77
1622,203.26,156.77
1623,203.26,156.77
1626,202.91,156.77
1627,202.91,156.77
1630,202.91,156.77
1631,202.91,156.77
1633,202.91,156.77
1635,202.91,156.77
1637,202.91,156.77
1638,202.56,156.77
1641,202.56,156.77
1642,202.56,156.55
1645,202.91,156.55
1646,202.91,156.55
1648,203.26,156.55
1651,203.26,156.55
1653,203.26,156.55
1655,203.26,156.55
1657,203.26,156.55
1659,203.26,156.55
1661,203.26,156.55
1663,203.26,156.55
1665,203.61,156.55
1666,203.61,156.55
1668,203.61,156.55
1670,203.61,156.33
1672,203.61,156.33
1674,203.61,156.33
1676,203.61,156.33
1678,203.61,156.33
1680,203.96,156.33
1682,203.96,156.33
1683,204.32,156.33
1686,204.32,156.33
1687,204.32,156.33
1690,204.67,156.33
1691,204.67,156.33
1694,204.32,156.33
1696,204.32,156.33
1698,204.32,156.33
1700,205.02,156.33
1702,205.02,156.33
1704,205.02,156.33
1706,205.02,156.33
1708,205.02,156.33
1710,205.72,156.33
1711,205.72,156.33
1713,205.72,156.33
1715,206.08,156.33
1717,206.08,156.33
1720,206.43,156.33
1721,206.43,156.33
1723,206.43,156.33
1725,206.78,156.33
1727,206.78,156.33
1729,207.48,156.33
1731,207.48,156.33
1732,207.48,156.33
1736,207.84,156.33
1737,207.84,156.33
1739,208.19,156.33
1741,208.19,156.33
1743,208.19,156.33
1745,208.89,156.33
1747,208.89,156.33
1749,209.59,156.33
1751,209.59,156.33
1753,209.59,156.33
1755,209.95,156.33
1757,209.95,156.33
1758,209.95,156.33
1761,210.65,156.33
1762,210.65,156.33
1765,211.35,156.33
1766,211.35,156.33
1768,211.35,156.33
1770,211.71,156.33
1772,211.71,156.33
1774,212.41,156.33
1776,212.41,156.33
1779,212.41,156.33
1781,213.11,156.33
1783,213.11,156.33
1785,213.82,156.33
1787,213.82,156.33
1788,213.82,156.33
1791,214.52,156.33
1792,214.52,156.33
1794,215.58,156.33
1796,215.58,156.33
1798,215.58,156.33
1800,216.28,156.33
1802,216.28,156.33
1804,216.98,156.33
1806,216.98,156.33
1808,216.98,156.33
1810,218.04,156.33
1811,218.04,156.33
1813,218.04,156.33
1815,219.10,156.33
1817,219.10,156.33
1819,220.15,156.33
1822,220.15,156.33
1824,220.15,156.33
1826,220.86,156.33
1828,220.86,156.33
1829,221.91,156.33
1832,221.91,156.33
1833,221.91,156.33
1836,222.97,156.33
1837,222.97,156.33
1839,224.38,156.33
1841,224.38,156.33
1843,224.38,156.33
1845,225.43,156.33
1847,225.43,156.33
1848,225.43,156.33
1851,226.49,156.33
1852,226.49,156.33
1855,227.89,156.33
1856,227.89,156.33
1858,227.89,156.33
1860,228.95,156.33
1862,228.95,156.33
1865,230.36,156.33
1867,230.36,156.33
1868,230.36,156.33
1871,231.77,156.33
1872,231.77,156.33
1874,232.82,156.33
1876,232.82,156.33
1878,232.82,156.33
1880,234.58,156.33
1882,234.58,156.33
1884,235.99,156.33
1886,235.99,156.33
1888,235.99,156.33
1890,237.40,156.33
1892,237.40,156.33
1893,237.40,156.33
1896,239.16,156.33
1897,239.16,156.33
1900,240.56,156.33
1901,240.56,156.33
1903,240.56,156.33
1905,242.32,156.33
1908,242.32,156.33
1910,244.08,156.33
1912,244.08,156.33
1913,244.08,156.33
1916,245.84,156.33
1917,245.84,156.33
1919,247.60,156.33
1921,247.60,156.33
1923,247.60,156.33
1925,249.71,156.33
1927,249.71,156.33
1929,251.47,156.33
1931,251.47,156.33
1933,251.47,156.33
1935,253.58,156.33
1937,253.58,156.33
1938,253.58,156.33
1941,255.34,156.33
1942,255.34,156.33
1945,257.45,156.33
1946,257.45,156.33
1948,257.45,156.33
1951,259.92,156.33
1953,259.92,156.33
1955,262.03,156.33
1957,262.03,156.33
1958,262.03,156.33
1961,262.03,156.33
1962,262.03,156.33
1964,262.03,156.33
1966,262.03,156.33
1968,262.03,156.33
1970,262.03,156.33
1972,262.03,156.33
1973,262.03,156.33
1976,262.03,156.33
1977,262.03,156.33
1980,262.03,156.33
1981,262.03,156.33
1983,262.03,156.33
1985,262.03,156.33
1987,262.03,156.33
1989,262.03,156.33
1992,262.03,156.33
1993,262.03,156.33
1996,262.03,156.33
1997,262.03,156.33
1999,264.85,156.33
2001,264.85,156.33
2003,264.85,156.33
2005,267.66,156.33
2007,267.66,156.33
2009,267.66,156.33
2011,270.48,156.33
2013,270.48,156.33
2015,273.29,156.33
2017,273.29,156.33
2018,273.29,156.33
2021,276.11,156.33
2022,276.11,156.33
2025,279.27,156.33
2026,279.27,156.33
2028,279.27,156.33
2030,282.09,156.33
2032,282.09,156.33
2035,285.26,156.33
2037,285.26,156.33
2038,285.26,156.33
2041,288.42,156.33
2042,288.42,156.33
2044,291.59,156.33
2046,291.59,156.33
2048,291.59,156.33
2050,294.76,156.33
2052,294.76,156.33
2054,297.93,156.33
2056,297.93,156.33
2058,297.93,156.33
2060,301.09,156.33
2062,301.09,156.33
2063,301.09,156.33
2065,304.26,156.33
2067,304.26,156.33
2070,307.78,156.33
2071,307.78,156.33
2073,307.78,156.33
2075,311.30,156.33
2078,311.30,156.33
2079,314.47,156.33
2082,314.47,156.33
2083,314.47,156.33
2086,317.98,156.33
2087,317.98,156.33
2089,317.98,156.33
2091,321.50,156.33
2093,321.50,156.33
2095,325.02,156.33
2097,325.02,156.33
2098,325.02,156.33
2101,328.54,156.33
2103,328.54,156.33
2105,332.06,156.33
2106,332.06,156.33
2108,332.06,156.33
2110,335.58,156.33
2112,335.58,156.33
2114,339.10,156.33
2116,339.10,156.33
2118,339.10,156.33
2121,342.62,156.33
2122,342.62,156.33
2124,346.49,156.33
2126,346.49,156.33
2128,346.49,156.33
2130,349.66,156.33
2132,349.66,156.33
2134,349.66,156.33
2136,-6.48,156.33
2138,-6.48,156.33
2140,-2.96,156.33
2141,-2.96,156.33
2143,-2.96,156.33
2145,0.56,156.33
2147,0.56,156.33
2148,0.56,156.33
2150,4.08,156.33
2152,4.08,156.33
2153,7.60,156.33
2156,7.60,156.33
2157,7.60,156.33
2159,11.11,156.33
2161,11.11,156.33
2163,11.11,156.33
2165,14.63,156.33
2167,14.63,156.33
2169,14.63,156.33
2171,18.15,156.33
2172,18.15,156.33
2174,18.15,156.33
2176,21.67,156.33
2178,21.67,156.33
2180,25.19,156.33
2182,25.19,156.33
2183,25.19,156.33
2185,28.36,156.33
2187,28.36,156.33
2188,28.36,156.33
2191,31.53,156.33
2192,31.53,156.33
2194,35.05,156.33
2196,35.05,156.33
2197,35.05,156.33
2200,38.21,156.33
2201,38.21,156.33
2203,38.21,156.33
2206,41.38,156.33
2208,41.38,156.33
2209,44.90,156.33
2211,44.90,156.33
2213,44.90,156.33
2215,47.71,156.33
2217,47.71,156.33
2218,47.71,156.33
2220,50.88,156.33
2222,50.88,156.33
2224,50.88,156.33
2226,54.05,156.33
2227,54.05,156.33
2229,57.22,156.33
2231,57.22,156.33
2233,57.22,156.33
2235,60.03,156.33
2237,60.03,156.33
2238,60.03,156.33
2240,62.85,156.33
2242,62.85,156.33
2243,66.01,156.33
2246,66.01,156.33
2248,66.01,156.33
2251,68.48,156.33
2252,68.48,156.33
2254,68.48,156.33
2256,71.29,156.33
2257,71.29,156.33
2259,71.29,156.33
2261,74.11,156.33
2263,74.11,156.33
2264,76.57,156.33
2266,76.57,156.33
2268,76.57,156.33
2270,79.39,156.33
2272,79.39,156.33
2273,79.39,156.33
2276,81.85,156.33
2277,81.85,156.33
2279,84.31,156.33
2281,84.31,156.33
2282,84.31,156.33
2285,86.78,156.33
2286,86.78,156.33
2288,86.78,156.33
2291,88.89,156.33
2293,88.89,156.33
2294,88.89,156.33
2296,91.35,156.33
2298,91.35,156.33
2300,93.46,156.33
2302,93.46,156.33
2303,93.46,156.33
2306,95.93,156.33
2307,95.93,156.33
2309,95.93,156.33
2311,98.04,156.33
2313,98.04,156.33
2314,99.80,156.33
2316,99.80,156.33
2318,99.80,156.33
2320,101.91,156.33
2322,101.91,156.33
2324,101.91,156.33
2326,104.02,156.33
2328,104.02,156.33
2330,105.78,156.33
2332,105.78,156.33
2334,105.78,156.33
2336,107.54,156.33
2338,107.54,156.33
2340,109.30,156.33
2342,109.30,156.33
2344,109.30,156.33
2346,111.06,156.33
2348,111.06,156.33
2349,112.82,156.33
2352,112.82,156.33
2353,112.82,156.33
2356,114.58,156.33
2357,114.58,156.33
2359,115.99,156.33
2361,115.99,156.33
2363,115.99,156.33
2365,117.74,156.33
2367,117.74,156.33
2368,117.74,156.33
2371,119.15,156.33
2372,119.15,156.33
2376,120.56,156.33
2377,120.56,156.33
2379,120.56,156.33
2381,121.97,156.33
2383,121.97,156.33
2385,123.38,156.33
2387,123.38,156.33
2389,123.38,156.33
2391,124.78,156.33
2393,124.78,156.33
2394,125.84,156.33
2396,125.84,156.33
2398,125.84,156.33
2400,127.25,156.33
2402,127.25,156.33
2404,127.25,156.33
2406,128.30,156.33
2408,128.30,156.33
2410,129.36,156.33
2412,129.36,156.33
2413,129.36,156.33
2416,130.77,156.33
2417,130.77,156.33
2421,131.47,156.33
2422,131.47,156.33
2424,131.47,156.33
2426,132.53,156.33
2428,132.53,156.33
2430,133.58,156.33
2432,133.58,156.33
2434,133.58,156.33
2436,134.64,156.33
2437,134.64,156.33
2439,135.34,156.33
2441,135.34,156.33
2443,135.34,156.33
2445,136.40,156.33
2447,136.40,156.33
2449,136.40,156.33
2451,137.10,156.33
2453,137.10,156.33
2455,137.80,156.33
2457,137.80,156.33
2458,137.80,156.33
2462,138.51,156.33
2463,138.51,156.33
2466,139.21,156.33
2467,139.21,156.33
2469,139.21,156.33
2471,139.92,156.33
2473,139.92,156.33
2474,140.62,156.33
2477,140.62,156.33
2478,140.62,156.33
2481,140.97,156.33
2482,140.97,156.33
2484,141.68,156.33
2486,141.68,156.33
2488,141.68,156.33
2490,142.38,156.33
2492,142.38,156.33
2494,142.38,156.33
2496,142.73,156.33
2497,142.73,156.33
2500,143.08,156.33
2501,143.08,156.33
2504,143.08,156.33
2506,143.79,156.33
2508,143.79,156.33
2510,144.14,156.33
2512,144.14,156.33
2514,144.14,156.33
2516,144.49,156.33
2518,144.49,156.33
2519,144.84,156.33
2522,144.84,156.33
2523,144.84,156.33
2526,145.19,156.33
2527,145.19,156.33
2529,145.55,156.33
2531,145.55,156.33
2533,145.55,156.33
2535,145.55,156.33
2537,145.55,156.33
2539,145.55,156.11
2541,145.90,156.11
2543,145.90,156.11
2545,145.90,156.11
2547,145.90,156.11
2549,145.90,156.11
2552,146.25,156.11
2553,146.25,156.11
2556,146.25,156.11
2557,146.25,156.11
2559,146.25,155.89
2561,146.60,155.89
2563,146.60,155.89
2564,146.25,155.89
2567,146.25,155.89
2568,146.25,155.89
2571,146.25,155.89
2572,146.25,155.67
2574,146.25,155.67
2576,146.25,155.67
2578,146.25,155.67
2580,146.25,155.67
2582,146.25,155.67
2584,146.25,155.45
2586,146.25,155.45
2587,146.25,155.45
2591,146.25,155.45
2592,146.25,155.45
2594,146.25,155.45
2596,145.90,155.23
2598,145.90,155.23
2600,145.90,155.23
2602,145.90,155.23
2604,145.90,155.23
2606,145.55,155.23
2608,145.55,155.23
2609,145.19,155.01
2612,145.19,155.01
2613,145.19,155.01
2615,145.19,155.01
2617,145.19,155.01
2619,145.19,155.01
2621,144.84,155.01
2623,144.84,155.01
2625,144.49,155.01
2627,144.49,155.01
2628,144.49,155.01
2632,144.14,155.01
2633,144.14,155.01
2636,143.79,155.01
2637,143.79,155.01
2639,143.79,155.01
2641,143.43,155.01
2643,143.43,155.01
2644,142.73,155.01
2647,142.73,155.01
2648,142.73,155.01
2651,142.38,155.01
2652,142.38,155.01
2654,142.38,155.01
2656,142.03,155.01
2658,142.03,155.01
2660,141.32,155.01
2662,141.32,155.01
2664,141.32,155.01
2666,140.97,155.01
2667,140.97,155.01
2669,140.27,155.01
2671,140.27,155.01
2673,140.27,155.01
2676,139.56,155.01
2678,139.56,155.01
2680,138.86,155.01
2682,138.86,155.01
2684,138.86,155.01
2686,138.16,155.01
2688,138.16,155.01
2689,138.16,155.01
2692,137.45,155.01
2693,137.45,155.01
2695,136.75,155.01
2697,136.75,155.01
2699,136.75,155.01
2701,136.04,155.01
2703,136.04,155.01
2705,135.34,155.01
2707,135.34,155.01
2708,135.34,155.01
2711,134.28,155.01
2712,134.28,155.01
2714,133.23,155.01
2716,133.23,155.01
2719,133.23,155.01
2721,132.53,155.01
2723,132.53,155.01
2724,132.53,155.01
2727,131.47,155.01
2728,131.47,155.01
2731,130.41,155.01
2732,130.41,155.01
2734,130.41,155.01
2736,129.36,155.01
2738,129.36,155.01
2740,128.30,155.01
2742,128.30,155.01
2743,128.30,155.01
2746,126.89,155.01
2747,126.89,155.01
2749,125.84,155.01
2751,125.84,155.01
2753,125.84,155.01
2755,124.43,155.01
2757,124.43,155.01
2760,124.43,155.01
2762,123.02,155.01
2763,123.02,155.01
2766,121.62,155.01
2767,121.62,155.01
2769,121.62,155.01
2771,120.56,155.01
2773,120.56,155.01
2775,118.80,155.01
2777,118.80,155.01
2779,118.80,155.01
2781,117.39,155.01
2783,117.39,155.01
2784,115.99,155.01
2787,115.99,155.01
2788,115.99,155.01
2791,114.23,155.01
2792,114.23,155.01
2794,114.23,155.01
2796,112.82,155.01
2798,112.82,155.01
2800,111.06,155.01
2803,111.06,155.01
2805,111.06,155.01
2807,109.30,155.01
2809,109.30,155.01
2811,107.54,155.01
2812,107.54,155.01
2814,107.54,155.01
2816,105.78,155.01
2818,105.78,155.01
2820,104.02,155.01
2822,104.02,155.01
2824,104.02,155.01
2826,101.91,155.01
2828,101.91,155.01
2829,99.80,155.01
2832,99.80,155.01
2833,99.80,155.01
2835,98.04,155.01
2837,98.04,155.01
2838,98.04,155.01
2841,95.57,155.01
2842,95.57,155.01
2844,93.46,155.01
2847,93.46,155.01
2849,93.46,155.01
2851,91.35,155.01
2853,91.35,155.01
2854,91.35,155.01
2856,89.24,155.01
2858,89.24,155.01
2859,86.78,155.01
2862,86.78,155.01
2863,86.78,155.01
2865,84.31,155.01
2867,84.31,155.01
2868,84.31,155.01
2871,81.85,155.01
2872,81.85,155.01
2874,81.85,155.01
2876,79.39,155.01
2878,79.39,155.01
2879,76.92,155.01
2881,76.92,155.01
2883,76.92,155.01
2885,74.46,155.01
2888,74.46,155.01
2889,74.46,155.01
2892,71.64,155.01
2893,71.64,155.01
2895,68.83,155.01
2897,68.83,155.01
2899,68.83,155.01
2901,66.01,155.01
2902,66.01,155.01
2904,66.01,155.01
2906,63.20,155.01
2908,63.20,155.01
2909,60.38,155.01
2912,60.38,155.01
2913,60.38,155.01
2915,57.57,155.01
2917,57.57,155.01
2918,57.57,155.01
2921,54.75,155.01
2922,54.75,155.01
2924,54.75,155.01
2926,51.59,155.01
2928,51.59,155.01
2929,48.42,155.01
2932,48.42,155.01
2934,48.42,155.01
2936,45.25,155.01
2938,45.25,155.01
2939,45.25,155.01
2941,42.08,155.01
2943,42.08,155.01
2945,38.92,155.01
2947,38.92,155.01
2948,38.92,155.01
2951,35.75,155.01
2952,35.75,155.01
2954,35.75,155.01
2956,32.58,155.01
2958,32.58,155.01
2959,29.41,155.01
2961,29.41,155.01
2963,29.41,155.01
2965,25.90,155.01
2967,25.90,155.01
2968,25.90,155.01
2970,22.38,155.01
2972,22.38,155.01
2975,22.38,155.01
2977,19.21,155.01
2978,19.21,155.01
2980,15.69,155.01
2982,15.69,155.01
2984,15.69,155.01
2986,12.52,155.01
2987,12.52,155.01
2989,12.52,155.01
2991,9.00,155.01
2993,9.00,155.01
2994,9.00,155.01
2996,5.48,155.01
2998,5.48,155.01
2999,1.97,155.01
3002,1.97,155.01
3003,1.97,155.01
3005,-1.55,155.01
3007,-1.55,155.01
3008,-1.55,155.01
3011,-5.07,155.01
3012,-5.07,155.01
3014,-5.07,155.01
3017,-8.59,155.01
3018,-8.59,155.01
3020,347.90,155.01
3022,347.90,155.01
3024,347.90,155.01
3026,344.38,155.01
3028,344.38,155.01
3030,340.86,155.01
3032,340.86,155.01
3034,340.86,155.01
3036,337.34,155.01
3038,337.34,155.01
3039,334.17,155.01
3042,334.17,155.01
3043,334.17,155.01
3046,330.30,155.01
3047,330.30,155.01
3049,330.30,155.01
3051,327.13,155.01
3053,327.13,155.01
3055,323.61,155.01
3057,323.61,155.01
3059,323.61,155.01
3062,320.10,155.01
3063,320.10,155.01
3065,316.93,155.01
3067,316.93,155.01
3069,316.93,155.01
3071,313.41,155.01
3073,313.41,155.01
3075,310.24,155.01
3077,310.24,155.01
3079,310.24,155.01
3081,306.72,155.01
3083,306.72,155.01
3084,306.72,155.01
3086,303.56,155.01
3088,303.56,155.01
3090,300.74,155.01
3092,300.74,155.01
3094,300.74,155.01
3096,297.22,155.01
3098,297.22,155.01
3099,294.05,155.01
3103,294.05,155.01
3104,294.05,155.01
3107,291.24,155.01
3108,291.24,155.01
3110,288.07,155.01
3112,288.07,155.01
3114,288.07,155.01
3116,284.90,155.01
3118,284.90,155.01
3119,284.90,155.01
3122,282.09,155.01
3123,282.09,155.01
3126,279.27,155.01
3127,279.27,155.01
3129,279.27,155.01
3131,276.46,155.01
3133,276.46,155.01
3135,273.64,155.01
3137,273.64,155.01
3139,273.64,155.01
3141,271.18,155.01
3142,271.18,155.01
3145,268.36,155.01
3147,268.36,155.01
3149,268.36,155.01
3151,265.90,155.01
3153,265.90,155.01
3155,265.90,155.01
3157,263.44,155.01
3159,263.44,155.01
3161,262.03,155.01
3163,262.03,155.01
3164,262.03,155.01
3166,262.03,155.01
3168,262.03,155.01
3170,262.03,155.01
3172,262.03,155.01
3174,262.03,155.01
3176,263.44,155.01
3178,263.44,155.01
3179,262.03,155.01
3182,262.03,155.01
3183,262.03,155.01
3185,262.03,155.01
3188,262.03,155.01
3190,262.03,155.01
3192,262.03,155.01
3194,262.03,155.01
3196,262.03,155.01
3198,262.03,155.01
3199,262.03,155.01
3202,262.03,155.01
3203,262.03,155.01
3205,260.27,155.01
3207,260.27,155.01
3209,260.27,155.01
3211,258.16,155.01
3213,258.16,155.01
3214,256.40,155.01
3217,256.40,155.01
3218,256.40,155.01
3221,254.29,155.01
3222,254.29,155.01
3224,254.29,155.01
3226,252.53,155.01
3228,252.53,155.01
3231,251.12,155.01
3233,251.12,155.01
3235,251.12,155.01
3237,249.36,155.01
3239,249.36,155.01
3241,247.60,155.01
3243,247.60,155.01
3244,247.60,155.01
3247,246.19,155.01
3248,246.19,155.01
3250,244.43,155.01
3252,244.43,155.01
3254,244.43,155.01
3256,243.03,155.01
3258,243.03,155.01
3260,241.62,155.01
3262,241.62,155.01
3263,241.62,155.01
3266,240.56,155.01
3267,240.56,155.01
3269,240.56,155.01
3272,239.16,155.01
3274,239.16,155.01
3276,237.75,155.01
3278,237.75,155.01
3280,237.75,155.01
3282,236.69,155.01
3283,236.69,155.01
3285,235.64,155.01
3287,235.64,155.01
3289,235.64,155.01
3291,234.23,155.01
3293,234.23,155.01
3295,233.17,155.01
3297,233.17,155.01
3299,233.17,155.01
3301,232.47,155.01
3303,232.47,155.01
3304,231.41,155.01
3307,231.41,155.01
3308,231.41,155.01
3311,230.36,155.01
3312,230.36,155.01
3315,230.36,155.01
3317,229.30,155.01
3319,229.30,155.01
3321,228.60,155.01
3323,228.60,155.01
3324,228.60,155.01
3327,227.89,155.01
3328,227.89,155.01
3330,227.19,155.01
3332,227.19,155.01
3334,227.19,155.01
3336,226.13,155.01
3338,226.13,155.01
3340,225.78,155.01
3342,225.78,155.01
3344,225.78,155.01
3346,225.08,155.01
3348,225.08,155.01
3349,224.38,155.01
3352,224.38,155.01
3353,224.38,155.01
3356,223.67,155.01
3358,223.67,155.01
3360,223.67,155.01
3362,223.32,155.01
3364,223.32,155.01
3366,222.97,155.01
3368,222.97,155.01
3369,222.97,155.01
3372,222.26,155.01
3373,222.26,155.01
3375,221.91,155.01
3377,221.91,155.01
3379,221.91,155.01
3381,221.56,155.01
3383,221.56,155.01
3385,221.21,155.01
3387,221.21,155.01
3389,221.21,155.01
3391,220.86,155.01
3392,220.86,155.01
3394,220.86,155.01
3396,220.50,155.01
3398,220.50,155.01
3401,220.50,155.01
3403,220.50,155.01
3405,220.50,155.01
3407,220.15,155.01
3409,220.15,155.01
3411,220.15,155.01
3413,220.15,155.01
3414,220.15,155.01
3417,219.80,155.01
3418,219.80,155.01
3420,219.80,155.01
3422,219.80,155.01
3424,219.80,155.01
3426,219.80,155.01
3428,219.80,155.01
3430,219.80,155.01
3432,219.80,155.01
3433,219.80,155.01
3436,219.80,155.01
3437,219.80,155.01
3439,219.80,155.01
3441,219.80,155.01
3444,219.80,155.01
3446,219.80,155.01
3448,219.80,155.01
3449,219.80,155.01
3452,219.80,155.01
3453,219.80,155.01
3455,220.15,155.01
3457,220.15,155.01
3459,220.15,155.01
3461,220.15,155.01
3463,220.15,155.01
3465,220.15,155.01
3467,220.50,155.01
3469,220.50,155.01
3471,220.86,155.01
3473,220.86,155.01
3474,220.86,155.01
3477,220.86,155.01
3478,220.86,155.01
3481,221.21,155.01
3482,221.21,155.01
3484,221.21,155.01
3487,221.56,155.01
3489,221.56,155.01
3490,221.91,155.01
3493,221.91,155.01
3494,221.91,155.01
3497,222.62,155.01
3498,222.62,155.01
3500,222.97,155.01
3502,222.97,155.01
3504,222.97,155.01
3506,223.32,155.01
3508,223.32,155.01
3510,223.32,155.01
3512,224.02,155.01
3514,224.02,155.01
3516,224.38,155.01
3518,224.38,155.01
3519,224.38,155.01
3521,225.08,155.01
3523,225.08,155.01
3526,225.78,155.01
3528,225.78,155.01
3530,225.78,155.01
3532,226.49,155.01
3534,226.49,155.01
3536,227.19,155.01
3538,227.19,155.01
3539,227.19,155.01
3542,227.89,155.01
3543,227.89,155.01
3545,228.60,155.01
3547,228.60,155.01
3549,228.60,155.01
3551,229.65,155.01
3553,229.65,155.01
3555,230.36,155.01
3557,230.36,155.01
3559,230.36,155.01
3561,231.41,155.01
3562,231.41,155.01
3564,231.41,155.01
3566,232.47,155.01
3568,232.47,155.01
3571,233.52,155.01
3573,233.52,155.01
3575,233.52,155.01
3577,234.58,155.01
3579,234.58,155.01
3580,235.64,155.01
3583,235.64,155.01
3584,235.64,155.01
3587,236.69,155.01
3588,236.69,155.01
3590,237.75,155.01
3592,237.75,155.01
3594,237.75,155.01
3596,239.16,155.01
3598,239.16,155.01
3600,240.56,155.01
3602,240.56,155.01
3604,240.56,155.01
3606,241.62,155.01
3608,241.62,155.01
3609,241.62,155.01
3612,243.03,155.01
3614,243.03,155.01
3616,244.79,155.01
3618,244.79,155.01
3620,244.79,155.01
3622,245.84,155.01
3624,245.84,155.01
3625,247.60,155.01
3628,247.60,155.01
3629,247.60,155.01
3632,249.36,155.01
3633,249.36,155.01
3635,251.12,155.01
3637,251.12,155.01
3639,251.12,155.01
3641,252.53,155.01
3643,252.53,155.01
3645,254.29,155.01
3647,254.29,155.01
3649,254.29,155.01
3651,256.40,155.01
3653,256.40,155.01
3654,256.40,155.01
3658,258.16,155.01
3659,258.16,155.01
3661,260.27,155.01
3663,260.27,155.01
3665,260.27,155.01
3667,262.03,155.01
3669,262.03,155.01
3670,262.03,155.01
3673,262.03,155.01
3674,262.03,155.01
3677,262.03,155.01
3678,262.03,155.01
3680,262.03,155.01
3682,262.03,155.01
3684,262.03,155.01
3686,262.03,155.01
3688,262.03,155.01
3689,262.03,155.01
3692,239.86,155.01
3693,239.86,155.01
3696,262.03,155.01
3697,262.03,155.01
3700,262.03,155.01
3702,262.03,155.01
3704,262.03,155.01
3706,262.03,155.01
3708,262.03,155.01
3709,262.03,155.01
3712,263.09,155.01
3713,263.09,155.01
3715,265.55,155.01
3717,265.55,155.01
3719,265.55,155.01
3721,268.01,155.01
3723,268.01,155.01
3725,268.01,155.01
3727,270.83,155.01
3729,270.83,155.01
3731,273.29,155.01
3733,273.29,155.01
3734,273.29,155.01
3737,276.11,155.01
3738,276.11,155.01
3742,278.92,155.01
3743,278.92,155.01
3745,278.92,155.01
3747,281.74,155.01
3749,281.74,155.01
3750,284.55,155.01
3753,284.55,155.01
3754,284.55,155.01
3757,287.37,155.01
3758,287.37,155.01
3760,290.53,155.01
3762,290.53,155.01
3764,290.53,155.01
3766,293.35,155.01
3768,293.35,155.01
3769,293.35,155.01
3772,296.52,155.01
3773,296.52,155.01
3776,299.68,155.01
3777,299.68,155.01
3779,299.68,155.01
3781,302.85,155.01
3784,302.85,155.01
3786,306.02,155.01
3788,306.02,155.01
3790,306.02,155.01
3792,309.19,155.01
3793,309.19,155.01
3795,312.35,155.01
3797,312.35,155.01
3799,312.35,155.01
3801,315.52,155.01
3803,315.52,155.01
3805,315.52,155.01
3807,319.04,155.01
3809,319.04,155.01
3811,322.21,155.01
3813,322.21,155.01
3814,322.21,155.01
3817,325.73,155.01
3818,325.73,155.01
3820,329.25,155.01
3822,329.25,155.01
3824,329.25,155.01
3827,332.76,155.01
3829,332.76,155.01
3831,335.93,155.01
3833,335.93,155.01
3835,335.93,155.01
3837,339.45,155.01
3838,339.45,155.01
3840,339.45,155.01
3842,342.97,155.01
3844,342.97,155.01
3846,346.14,155.01
3848,346.14,155.01
3850,346.14,155.01
3852,349.66,155.01
3854,349.66,155.01
3856,-6.83,155.01
3857,-6.83,155.01
3859,-6.83,155.01
3861,-3.31,155.01
3863,-3.31,155.01
3864,-3.31,155.01
3867,0.21,155.01
3868,0.21,155.01
3871,3.37,155.01
3873,3.37,155.01
3874,3.37,155.01
3877,6.89,155.01
3878,6.89,155.01
3880,6.89,155.01
3882,10.41,155.01
3883,10.41,155.01
3885,10.41,155.01
3887,13.58,155.01
3889,13.58,155.01
3890,16.75,155.01
3892,16.75,155.01
3894,16.75,155.01
3896,20.26,155.01
3898,20.26,155.01
3899,20.26,155.01
3902,23.78,155.01
3903,23.78,155.01
3905,26.95,155.01
3907,26.95,155.01
3908,26.95,155.01
3912,30.12,155.01
3913,30.12,155.01
3915,30.12,155.01
3917,33.29,155.01
3919,33.29,155.01
3920,36.45,155.01
3922,36.45,155.01
3924,36.45,155.01
3926,39.62,155.01
3928,39.62,155.01
3929,39.62,155.01
3932,42.44,155.01
3933,42.44,155.01
3935,42.44,155.01
3937,45.60,155.01
3939,45.60,155.01
3940,48.77,155.01
3942,48.77,155.01
3944,48.77,155.01
3946,51.59,155.01
3948,51.59,155.01
3949,51.59,155.01
3952,54.40,155.01
3953,54.40,155.01
3956,57.22,155.01
3958,57.22,155.01
3960,57.22,155.01
3962,60.03,155.01
3963,60.03,155.01
3965,60.03,155.01
3967,62.85,155.01
3969,62.85,155.01
3970,65.31,155.01
3972,65.31,155.01
3974,65.31,155.01
3976,68.12,155.01
3978,68.12,155.01
3979,68.12,155.01
3982,70.59,155.01
3983,70.59,155.01
3985,73.05,155.01
3987,73.05,155.01
3989,73.05,155.01
3991,75.87,155.01
3992,75.87,155.01
3994,75.87,155.01
3996,77.98,155.01
3999,77.98,155.01
4000,77.63,155.01
4003,77.63,155.01
4004,77.63,155.01
4007,74.81,155.01
4008,74.81,155.01
4010,74.81,155.01
4012,72.00,155.01
4013,72.00,155.01
4015,72.00,155.01
4017,69.18,155.01
4019,69.18,155.01
4020,66.01,155.01
4022,66.01,155.01
4024,66.01,155.01
4026,63.20,155.01
4028,63.20,155.01
4030,63.20,155.01
4032,60.38,155.01
4033,60.38,155.01
4035,58.62,155.01
4037,58.62,155.01
4040,58.62,155.01
4042,56.86,155.01
4044,56.86,155.01
4045,56.86,155.01
4047,56.16,155.01
4049,56.16,155.01
4050,55.81,155.01
4053,55.81,155.01
4054,55.81,155.01
4056,55.46,155.01
4058,55.46,155.01
4060,55.46,155.01
4062,55.46,155.01
4063,55.46,155.01
4065,55.46,155.01
4067,55.81,155.01
4069,55.81,155.01
4071,56.16,155.01
4072,56.16,155.01
4074,56.16,155.01
4076,56.86,155.01
4078,56.86,155.01
4079,56.86,155.01
4083,57.57,155.01
4084,57.57,155.01
4087,58.27,155.01
4088,58.27,155.01
4090,58.27,155.01
4092,58.98,155.01
4093,58.98,155.01
4095,58.98,155.01
4097,59.68,155.01
4099,59.68,155.01
4100,60.38,155.01
4103,60.38,155.01
4104,60.38,155.01
4106,61.09,155.01
4108,61.09,155.01
4110,61.09,155.01
4112,61.79,155.01
4113,61.79,155.01
4115,62.49,155.01
4117,62.49,155.01
4119,62.49,155.01
4121,63.20,155.01
4123,63.20,155.01
4124,63.20,155.01
4127,63.90,155.01
4129,63.90,155.01
4131,64.61,155.01
4133,64.61,155.01
4134,64.61,155.01
4137,65.31,155.01
4138,65.31,155.01
4140,65.31,155.01
4142,66.01,155.01
4143,66.01,155.01
4145,66.01,155.01
4147,66.72,155.01
4149,66.72,155.01
4151,67.07,155.01
4153,67.07,155.01
4154,67.07,155.01
4156,67.77,155.01
4158,67.77,155.01
4160,67.77,155.01
4162,68.12,155.01
4163,68.12,155.01
4165,68.48,155.01
4168,68.48,155.01
4170,68.48,155.01
4172,69.18,155.01
4173,69.18,155.01
4175,69.18,155.01
4177,69.53,155.01
4179,69.53,155.01
4180,69.88,155.01
4182,69.88,155.01
4184,69.88,155.01
4186,70.24,155.01
4188,70.24,155.01
4189,70.24,155.01
4192,70.59,155.01
4193,70.59,155.01
4195,70.59,155.01
4197,70.94,155.01
4198,70.94,155.01
4200,71.29,155.01
4202,71.29,155.01
4204,71.29,155.01
4206,71.29,155.01
4208,71.29,155.01
4209,71.29,155.01
4212,71.64,155.01
4214,71.64,155.01
4216,71.64,155.01
4218,71.64,155.01
4219,71.64,155.01
4222,72.00,155.01
4223,72.00,155.01
4225,72.00,155.01
4227,72.00,155.01
4229,72.00,155.01
4230,72.00,155.01
4232,72.00,155.01
4234,72.00,155.01
4235,72.35,155.01
4238,72.35,155.01
4239,72.35,155.01
4241,72.35,155.01
4243,72.35,155.01
4244,72.35,155.01
4247,72.35,155.01
4248,72.35,155.01
4250,72.35,155.01
4252,72.35,155.01
4255,72.35,155.01
4257,72.00,155.01
4258,72.00,155.01
4260,72.00,155.01
4262,72.00,155.01
4264,72.00,155.01
4265,72.00,155.01
4267,72.00,155.01
4269,72.00,155.01
4270,71.64,155.01
4273,71.64,155.01
4274,71.64,155.01
4276,71.64,155.01
4278,71.64,155.01
4280,71.64,155.01
4282,71.29,155.01
4283,71.29,155.01
4285,71.29,155.01
4287,71.29,155.01
4289,71.29,155.01
4291,70.94,155.01
4292,70.94,155.01
4294,70.94,155.01
4297,70.59,155.01
4299,70.59,155.01
4300,70.59,155.01
4303,70.24,155.01
4304,70.24,155.01
4307,69.88,155.01
4308,69.88,155.01
4310,69.88,155.01
4312,69.53,155.01
4313,69.53,155.01
4315,69.53,155.01
4317,69.18,155.01
4319,69.18,155.01
4320,68.83,155.01
4322,68.83,155.01
4324,68.83,155.01
4326,68.48,155.01
4328,68.48,155.01
4329,68.48,155.01
4332,67.77,155.01
4333,67.77,155.01
4335,67.42,155.01
4337,67.42,155.01
4340,67.42,155.01
4342,66.72,155.01
4343,66.72,155.01
4345,66.72,155.01
4347,66.01,155.01
4349,66.01,155.01
4350,66.01,155.01
4352,65.31,155.01
4354,65.31,155.01
4356,64.96,155.01
4358,64.96,155.01
4359,64.96,155.01
4361,64.25,155.01
4363,64.25,155.01
4365,64.25,155.01
4367,63.20,155.01
4368,63.20,155.01
4370,62.49,155.01
4372,62.49,155.01
4374,62.49,155.01
4376,61.79,155.01
4378,61.79,155.01
4379,61.79,155.01
4382,61.09,155.01
4384,61.09,155.01
4386,60.03,155.01
4388,60.03,155.01
4389,60.03,155.01
4392,59.33,155.01
4393,59.33,155.01
4395,59.33,155.01
4397,58.27,155.01
4399,58.27,155.01
4400,58.27,155.01
4402,57.22,155.01
4404,57.22,155.01
4406,56.16,155.01
4408,56.16,155.01
4409,56.16,155.01
4411,55.10,155.01
4413,55.10,155.01
4415,55.10,155.01
4417,54.05,155.01
4418,54.05,155.01
4420,52.99,155.01
4422,52.99,155.01
4425,52.99,155.01
4427,51.94,155.01
4429,51.94,155.01
4430,51.94,155.01
4432,50.53,155.01
4434,50.53,155.01
4436,49.47,155.01
4438,49.47,155.01
4439,49.47,155.01
4442,48.07,155.01
4443,48.07,155.01
4445,48.07,155.01
4447,46.66,155.01
4448,46.66,155.01
4450,45.25,155.01
4452,45.25,155.01
4454,45.25,155.01
4456,43.84,155.01
4458,43.84,155.01
4459,43.84,155.01
4461,42.44,155.01
4463,42.44,155.01
4465,42.44,155.01
4468,41.03,155.01
4469,41.03,155.01
4472,39.27,155.01
4473,39.27,155.01
4475,39.27,155.01
4477,37.86,155.01
4479,37.86,155.01
4480,37.86,155.01
4483,36.45,155.01
4484,36.45,155.01
4486,34.69,155.01
4488,34.69,155.01
4489,34.69,155.01
4492,32.93,155.01
4493,32.93,155.01
4495,32.93,155.01
4497,31.17,155.01
4499,31.17,155.01
4500,29.77,155.01
4502,29.77,155.01
4504,29.77,155.01
4506,27.65,155.01
4508,27.65,155.01
4510,27.65,155.01
4512,25.90,155.01
4514,25.90,155.01
4516,25.90,155.01
4518,24.14,155.01
4519,24.14,155.01
4521,22.02,155.01
4523,22.02,155.01
4525,22.02,155.01
4527,19.91,155.01
4528,19.91,155.01
4530,19.91,155.01
4532,18.15,155.01
4534,18.15,155.01
4535,16.04,155.01
4537,16.04,155.01
4539,16.04,155.01
4541,13.93,155.01
4543,13.93,155.01
4544,13.93,155.01
4546,11.82,155.01
4548,11.82,155.01
4550,11.82,155.01
4553,9.71,155.01
4554,9.71,155.01
4556,7.60,155.01
4558,7.60,155.01
4560,7.60,155.01
4562,5.13,155.01
4563,5.13,155.01
4565,5.13,155.01
4567,3.02,155.01
4568,3.02,155.01
4570,3.02,155.01
4572,0.91,155.01
4573,0.91,155.01
4575,0.91,155.01
4577,-1.55,155.01
4578,-1.55,155.01
4580,-1.55,155.01
4582,-4.02,155.01
4584,-4.02,155.01
4585,-6.13,155.01
4588,-6.13,155.01
4589,-6.13,155.01
4591,-8.59,155.01
4593,-8.59,155.01
4595,-8.59,155.01
4598,348.95,155.01
4599,348.95,155.01
4601,346.49,155.01
4603,346.49,155.01
4605,346.49,155.01
4607,344.03,155.01
4609,344.03,155.01
4611,341.56,155.01
4613,341.56,155.01
4615,341.56,155.01
4617,339.45,155.01
4618,339.45,155.01
4620,339.45,155.01
4622,336.64,155.01
4624,336.64,155.01
4626,334.17,155.01
4628,334.17,155.01
4630,334.17,155.01
4632,331.71,155.01
4634,331.71,155.01
4635,329.25,155.01
4638,329.25,155.01
4640,329.25,155.01
4642,326.78,155.01
4644,326.78,155.01
4646,324.32,155.01
4648,324.32,155.01
4650,324.32,155.01
4652,321.86,155.01
4654,321.86,155.01
4655,319.39,155.01
4658,319.39,155.01
4659,319.39,155.01
4662,316.93,155.01
4663,316.93,155.01
4665,316.93,155.01
4667,314.47,155.01
4669,314.47,155.01
4671,312.00,155.01
4673,312.00,155.01
4674,312.00,155.01
4677,309.54,155.01
4680,309.54,155.01
4681,307.07,155.01
4683,307.07,155.01
4685,307.07,155.01
4687,304.61,155.01
4689,304.61,155.01
4691,302.15,155.01
4693,302.15,155.01
4695,302.15,155.01
4697,300.04,155.01
4699,300.04,155.01
4700,297.57,155.01
4703,297.57,155.01
4704,297.57,155.01
4707,295.11,155.01
4708,295.11,155.01
4710,295.11,155.01
4712,293.00,155.01
4714,293.00,155.01
4716,290.53,155.01
4718,290.53,155.01
4720,290.53,155.01
4723,288.42,155.01
4724,288.42,155.01
4726,286.31,155.01
4728,286.31,155.01
4730,286.31,155.01
4732,284.20,155.01
4734,284.20,155.01
4736,282.09,155.01
4738,282.09,155.01
4740,282.09,155.01
4742,279.98,155.01
4743,279.98,155.01
4745,279.98,155.01
4747,277.87,155.01
4749,277.87,155.01
4751,275.75,155.01
4753,275.75,155.01
4755,275.75,155.01
4757,273.64,155.01
4759,273.64,155.01
4760,271.88,155.01
4763,271.88,155.01
4764,271.88,155.01
4767,269.77,155.01
4769,269.77,155.01
4771,269.77,155.01
4773,268.01,155.01
4775,268.01,155.01
4777,266.25,155.01
4779,266.25,155.01
4780,266.25,155.01
4783,264.49,155.01
4784,264.49,155.01
4787,262.73,155.01
4788,262.73,155.01
4790,262.73,155.01
4792,262.03,155.01
4794,262.03,155.01
4795,262.03,155.01
4798,262.03,155.01
4799,262.03,155.01
4802,262.03,155.01
4803,262.03,155.01
4805,262.03,155.01
4808,262.03,155.01
4810,262.03,155.01
4812,170.88,155.01
4814,170.88,155.01
4815,170.88,155.01
4818,173.70,155.01
4819,173.70,155.01
4822,153.29,155.01
4823,153.29,155.01
4825,153.29,155.01
4827,136.40,155.01
4829,136.40,155.01
4831,142.38,155.01
4833,142.38,155.01
4835,142.38,155.01
4837,148.01,155.01
4839,148.01,155.01
4840,138.86,155.01
4843,138.86,155.01
4844,138.86,155.01
4847,142.73,155.01
4848,142.73,155.01
4851,142.73,155.01
4853,147.66,155.01
4855,147.66,155.01
4857,138.16,155.01
4859,138.16,155.01
4860,138.16,155.01
4863,141.32,155.01
4864,141.32,155.01
4866,145.90,155.01
4868,145.90,155.01
4870,145.90,155.01
4872,135.69,155.01
4874,135.69,155.01
4876,138.86,155.01
4878,138.86,155.01
4880,138.86,155.01
4882,143.08,155.01
4884,143.08,155.01
4885,146.25,155.01
4888,146.25,155.01
4889,146.25,155.01
4891,134.99,155.01
4894,134.99,155.01
4896,134.99,155.01
4898,137.45,155.01
4900,137.45,155.01
4902,141.68,155.01
4904,141.68,155.01
4905,141.68,155.01
4908,144.49,155.01
4909,144.49,155.01
4911,132.88,155.01
4913,132.88,155.01
4915,132.88,155.01
4917,135.34,155.01
4919,135.34,155.01
4920,139.21,155.01
4923,139.21,155.01
4924,139.21,155.01
4927,142.03,155.01
4929,142.03,155.01
4930,144.14,155.01
4932,144.14,155.01
4934,144.14,155.01
4937,145.55,155.01
4939,145.55,155.01
4941,145.55,155.01
4943,132.88,155.01
4945,132.88,155.01
4947,134.28,155.01
4949,134.28,155.01
4950,134.28,155.01
4953,138.16,155.01
4954,138.16,155.01
4957,140.62,155.01
4958,140.62,155.01
4960,140.62,155.01
4962,142.38,155.01
4964,142.38,155.01
4966,143.79,155.01
4968,143.79,155.01
4970,143.79,155.01
4972,144.84,155.01
4973,144.84,155.01
4975,131.82,155.01
4979,131.82,155.01
4980,131.82,155.01
4982,132.88,155.01
4984,132.88,155.01
4986,132.88,155.01
4988,136.40,155.01
4990,136.40,155.01
4992,138.86,155.01
4994,138.86,155.01
4995,138.86,155.01
4997,140.97,155.01
4999,140.97,155.01
5001,142.38,155.01
5003,142.38,155.01
5005,142.38,155.01
5007,143.43,155.01
5009,143.43,155.01
5010,143.43,155.01
5013,144.49,155.01
5014,144.49,155.01
5016,131.47,155.01
5018,131.47,155.01
5020,131.47,155.01
5023,132.88,155.01
5025,132.88,155.01
5026,136.40,155.01
5029,136.40,155.01
5030,136.40,155.01
5033,138.86,155.01
5034,138.86,155.01
5036,140.97,155.01
5038,140.97,155.01
5040,140.97,155.01
5042,142.73,155.01
5044,142.73,155.01
5046,144.14,155.01
5048,144.14,155.01
5050,144.14,155.01
5052,145.19,155.01
5054,145.19,155.01
5055,145.19,155.01
5058,132.88,155.01
5059,132.88,155.01
5061,134.28,155.01
5064,134.28,155.01
5066,134.28,155.01
5068,137.80,155.01
5070,137.80,155.01
5071,140.62,155.01
5074,140.62,155.01
5075,140.62,155.01
5078,143.08,155.01
5079,143.08,155.01
5081,144.84,155.01
5083,144.84,155.01
5085,144.84,155.01
5087,132.88,155.01
5089,132.88,155.01
5090,132.88,155.01
5093,134.99,155.01
5094,134.99,155.01
5097,139.21,155.01
5098,139.21,155.01
5100,139.21,155.01
5102,142.38,155.01
5104,142.38,155.01
5107,144.84,155.01
5109,144.84,155.01
5111,144.84,155.01
5113,133.23,155.01
5115,133.23,155.01
5117,135.69,155.01
5119,135.69,155.01
5120,135.69,155.01
5123,140.27,155.01
5124,140.27,155.01
5126,143.43,155.01
5128,143.43,155.01
5130,143.43,155.01
5132,146.25,155.01
5134,146.25,155.01
5136,133.58,155.01
5138,133.58,155.01
5140,133.58,155.01
5142,136.40,155.01
5144,136.40,155.01
5145,136.40,155.01
5147,140.62,155.01
5150,140.62,155.01
5152,143.79,155.01
5154,143.79,155.01
5156,143.79,155.01
5158,146.60,155.01
5160,146.60,155.01
5162,134.28,155.01
5164,134.28,155.01
5165,134.28,155.01
5168,136.75,155.01
5169,136.75,155.01
5171,140.97,155.01
5173,140.97,155.01
5175,140.97,155.01
5177,144.14,155.01
5179,144.14,155.01
5181,146.25,155.01
5183,146.25,155.01
5185,146.25,155.01
5187,134.28,155.01
5189,134.28,155.01
5190,134.28,155.01
5193,136.75,155.01
5195,136.75,155.01
5197,140.97,155.01
5199,140.97,155.01
5201,140.97,155.01
5203,144.14,155.01
5205,144.14,155.01
5207,146.60,155.01
5209,146.60,155.01
5210,146.60,155.01
5213,134.64,155.01
5214,134.64,155.01
5216,137.10,155.01
5218,137.10,155.01
5220,137.10,155.01
5222,141.32,155.01
5224,141.32,155.01
5225,141.32,155.01
5228,144.84,155.01
5229,144.84,155.01
5232,133.93,155.01
5233,133.93,155.01
5236,133.93,155.01
5238,136.75,155.01
5240,136.75,155.01
5242,141.32,155.01
5244,141.32,155.01
5245,141.32,155.01
5248,144.84,155.01
5249,144.84,155.01
5251,134.28,155.01
5253,134.28,155.01
5255,134.28,155.01
5257,136.75,155.01
5259,136.75,155.01
5261,141.68,155.01
5263,141.68,155.01
5265,141.68,155.01
5267,145.55,155.01
5269,145.55,155.01
5270,145.55,155.01
5273,134.99,155.01
5274,134.99,155.01
5278,138.16,155.01
5279,138.16,155.01
5281,138.16,155.01
5283,143.08,155.01
5285,143.08,155.01
5287,146.95,155.01
5289,146.95,155.01
5290,146.95,155.01
5293,136.40,155.01
5294,136.40,155.01
5296,139.56,155.01
5298,139.56,155.01
5300,139.56,155.01
5302,144.49,155.01
5304,144.49,155.01
5306,135.69,155.01
5308,135.69,155.01
5310,135.69,155.01
5312,139.21,155.01
5314,139.21,155.01
5315,144.84,155.01
5318,144.84,155.01
5320,144.84,155.01
5323,135.69,155.01
5324,135.69,155.01
5326,135.69,155.01
5328,139.92,155.01
5330,139.92,155.01
5332,145.55,155.01
5334,145.55,155.01
5336,145.55,155.01
5338,136.40,155.01
5339,136.40,155.01
5341,140.97,155.01
5343,140.97,155.01
5345,140.97,155.01
5347,146.60,155.01
5349,146.60,155.01
5351,137.80,155.01
5353,137.80,155.01
5355,137.80,155.01
5357,142.03,155.01
5359,142.03,155.01
5360,148.01,155.01
5364,148.01,155.01
5365,148.01,155.01
5368,139.21,155.01
5369,139.21,155.01
5371,139.21,155.01
5373,143.43,155.01
5375,143.43,155.01
5377,149.77,155.01
5379,149.77,155.01
5381,149.77,155.01
5383,140.97,155.01
5385,140.97,155.01
5387,145.19,155.01
5388,145.19,155.01
5390,145.19,155.01
5392,137.80,155.01
5394,137.80,155.01
5396,143.43,155.01
5398,143.43,155.01
5400,143.43,155.01
5402,150.12,155.01
5404,150.12,155.01
5406,142.03,155.01
5409,142.03,155.01
5410,142.03,155.01
5413,146.95,155.01
5414,146.95,155.01
5416,146.95,155.01
5418,139.92,155.01
5420,139.92,155.01
5422,145.90,155.01
5424,145.90,155.01
5425,145.90,155.01
5428,139.21,155.01
5430,139.21,155.01
5432,145.90,155.01
5434,145.90,155.01
5435,145.90,155.01
5437,139.56,155.01
5439,139.56,155.01
5441,145.55,155.01
5443,145.55,155.01
5445,145.55,155.01
5448,139.21,155.01
5450,139.21,155.01
5451,145.19,155.01
5454,145.19,155.01
5455,145.19,155.01
5458,139.21,155.01
5459,139.21,155.01
5461,139.21,155.01
5463,145.19,155.01
5465,145.19,155.01
5467,138.86,155.01
5469,138.86,155.01
5471,138.86,155.01
5473,145.19,155.01
5475,145.19,155.01
5477,138.86,155.01
5479,138.86,155.01
5480,138.86,155.01
5483,144.84,155.01
5484,144.84,155.01
5486,138.51,155.01
5488,138.51,155.01
5491,138.51,155.01
5493,144.84,155.01
5495,144.84,155.01
5496,138.51,155.01
5499,138.51,155.01
5500,138.51,155.01
5503,144.84,155.01
5504,144.84,155.01
5506,144.84,155.01
5508,103.67,155.01
5510,103.67,155.01
5512,262.03,155.01
5514,262.03,155.01
5515,262.03,155.01
5518,262.03,155.01
5519,262.03,155.01
5521,262.03,155.01
5523,262.03,155.01
5525,262.03,155.01
5527,262.03,155.01
5529,262.03,155.01
5531,262.03,155.01
5534,262.03,155.01
5535,262.03,155.01
5538,262.03,155.01
5539,262.03,155.01
5541,262.03,155.01
5543,262.03,155.01
5545,262.03,155.01
5547,262.03,155.01
5549,262.03,155.01
5550,262.03,155.01
5553,262.03,155.01
5554,262.03,155.01
5556