=~=~=~=~=~=~=~=~=~=~=~= PuTTY log 2025.04.12 20:02:31 =~=~=~=~=~=~=~=~=~=~=~=
9{|"mp~Ti\#9#,^?t:\d?-t¬j$%?I\"5P~T35A#u5p~I^Ð#jdx9{|"mp~Ti\#9#,









Found Edge
-42
-42
4294966563,-10.00,180.42
4294966564,-10.00,180.42
4294966565,-10.00,180.42
4294966568,345.43,180.42
4294966569,345.43,180.42
4294966571,345.43,180.42
4294966573,345.08,180.42
4294966574,345.08,180.42
4294966576,344.73,180.42
4294966579,344.73,180.42
4294966582,344.03,180.42
4294966584,344.03,180.42
4294966587,343.67,180.42
4294966589,343.67,180.42
4294966592,342.97,180.42
4294966594,342.97,180.42
4294966597,342.62,180.42
4294966600,342.62,180.42
4294966603,341.91,180.42
4294966605,341.91,180.42
4294966608,341.56,180.42
4294966610,341.56,180.42
4294966613,340.86,180.42
4294966615,340.86,180.42
4294966618,340.51,180.42
4294966620,340.51,180.42
4294966623,339.80,180.42
4294966625,339.80,180.42
4294966628,339.45,180.42
4294966630,339.45,180.42
4294966633,338.75,180.42
4294966635,338.75,180.42
4294966638,338.40,180.42
4294966640,337.69,180.42
4294966644,337.69,180.42
4294966646,336.99,180.42
4294966649,336.99,180.42
4294966651,336.64,180.42
4294966654,336.64,180.42
4294966656,335.93,180.42
4294966658,335.93,180.42
4294966661,335.58,180.42
4294966664,335.58,180.42
4294966666,334.88,180.42
4294966669,334.88,180.42
4294966671,334.17,180.42
4294966673,334.17,180.42
4294966676,333.82,180.42
4294966678,333.82,180.42
4294966681,333.12,180.42
4294966683,333.12,180.42
4294966687,332.76,180.42
4294966689,332.76,180.42
4294966692,332.06,180.42
4294966694,332.06,180.42
4294966697,331.36,180.42
4294966699,331.36,180.42
4294966702,331.01,180.42
4294966704,331.01,180.42
4294966707,330.30,180.42
4294966709,330.30,180.42
4294966712,329.95,180.42
4294966714,329.95,180.42
4294966717,329.25,180.42
4294966719,329.25,180.42
4294966722,328.89,180.42
4294966724,328.89,180.42
4294966728,328.54,180.42
4294966730,328.54,180.42
4294966733,327.84,180.42
4294966735,327.84,180.42
4294966738,327.49,180.42
4294966740,327.49,180.42
4294966743,327.13,180.42
4294966745,327.13,180.42
4294966748,326.43,180.42
4294966750,326.08,180.42
4294966753,326.08,180.42
4294966755,325.73,180.42
4294966758,325.73,180.42
4294966760,325.02,180.42
4294966763,325.02,180.42
4294966765,324.67,180.42
4294966768,324.67,180.42
4294966771,324.32,180.42
4294966774,324.32,180.42
4294966776,323.97,180.42
4294966779,323.97,180.42
4294966781,323.26,180.42
4294966784,323.26,180.42
4294966786,322.91,180.42
4294966789,322.91,180.42
4294966791,322.56,180.42
4294966794,322.56,180.42
4294966797,321.86,180.42
4294966799,321.86,180.42
4294966802,321.50,180.42
4294966804,321.50,180.42
4294966807,321.15,180.42
4294966809,321.15,180.42
4294966812,320.45,180.42
4294966815,320.45,180.42
4294966818,320.10,180.42
4294966820,320.10,180.42
4294966823,319.74,180.42
4294966825,319.74,180.42
4294966828,319.04,180.42
4294966830,319.04,180.42
4294966833,318.34,180.42
4294966835,318.34,180.42
4294966838,317.98,180.42
4294966840,317.98,180.42
4294966843,317.28,180.42
4294966845,317.28,180.42
4294966848,316.93,180.42
4294966850,316.93,180.42
4294966853,316.22,180.42
4294966856,316.22,180.42
4294966859,315.52,180.42
4294966861,314.82,180.42
4294966864,314.82,180.42
4294966866,313.76,180.42
4294966869,313.76,180.42
4294966871,313.06,180.42
4294966874,313.06,180.42
4294966876,312.35,180.42
4294966878,312.35,180.42
4294966881,311.65,180.42
4294966883,311.65,180.42
4294966886,310.59,180.42
4294966889,310.59,180.42
4294966891,309.89,180.42
4294966893,309.89,180.42
4294966896,308.83,180.42
4294966899,308.83,180.42
4294966902,307.78,180.42
4294966904,307.78,180.42
4294966907,306.72,180.42
4294966909,306.72,180.42
4294966912,305.67,180.42
4294966914,305.67,180.42
4294966917,304.26,180.42
4294966919,304.26,180.42
4294966922,303.20,180.42
4294966924,303.20,180.42
4294966927,301.80,180.42
4294966929,301.80,180.42
4294966932,300.39,180.42
4294966934,300.39,180.42
4294966937,298.98,180.42
4294966939,298.98,180.42
4294966943,297.57,180.42
4294966945,297.57,180.42
4294966948,295.81,180.42
4294966950,295.81,180.42
4294966953,294.05,180.42
4294966955,294.05,180.42
4294966958,292.65,180.42
4294966960,292.65,180.42
4294966963,290.89,180.42
4294966965,289.13,180.42
4294966968,289.13,180.42
4294966970,287.37,180.42
4294966973,287.37,180.42
4294966975,285.61,180.42
4294966978,285.61,180.42
4294966980,283.85,180.42
4294966984,283.85,180.42
4294966986,282.09,180.42
4294966989,282.09,180.42
4294966991,280.33,180.42
4294966994,280.33,180.42
4294966996,278.22,180.42
4294966999,278.22,180.42
4294967001,276.46,180.42
4294967004,276.46,180.42
4294967006,274.70,180.42
4294967009,274.70,180.42
4294967011,272.59,180.42
4294967014,272.59,180.42
4294967017,270.83,180.42
4294967019,270.83,180.42
4294967022,268.72,180.42
4294967024,268.72,180.42
4294967028,266.60,180.42
4294967030,266.60,180.42
4294967033,264.85,180.42
4294967035,264.85,180.42
4294967038,262.73,180.42
4294967040,262.73,180.42
4294967043,262.03,180.42
4294967045,262.03,180.42
4294967048,262.03,180.42
4294967050,262.03,180.42
4294967052,262.03,180.42
4294967055,262.03,180.42
4294967057,262.03,180.42
4294967060,262.03,180.42
4294967062,262.03,180.42
4294967065,262.03,180.42
4294967067,262.03,180.42
4294967070,262.03,180.42
4294967073,262.03,180.42
4294967075,262.03,180.42
4294967078,262.03,180.42
4294967080,262.03,180.42
4294967083,262.03,180.42
4294967085,262.03,180.42
4294967088,260.27,180.42
4294967090,260.27,180.42
4294967093,257.81,180.42
4294967095,257.81,180.42
4294967098,255.70,180.42
4294967100,255.70,180.42
4294967103,253.58,180.42
4294967105,251.47,180.42
4294967108,251.47,180.42
4294967110,249.01,180.42
4294967114,249.01,180.42
4294967116,246.90,180.42
4294967119,246.90,180.42
4294967121,245.14,180.42
4294967124,245.14,180.42
4294967126,243.03,180.42
4294967129,243.03,180.42
4294967131,240.91,180.42
4294967134,240.91,180.42
4294967136,239.16,180.42
4294967139,239.16,180.42
4294967141,237.04,180.42
4294967144,237.04,180.42
4294967146,235.28,180.42
4294967149,235.28,180.42
4294967152,233.52,180.42
4294967155,233.52,180.42
4294967157,231.77,180.42
4294967160,231.77,180.42
4294967163,230.01,180.42
4294967165,230.01,180.42
4294967168,228.25,180.42
4294967170,228.25,180.42
4294967172,226.84,180.42
4294967175,226.84,180.42
4294967177,225.08,180.42
4294967180,225.08,180.42
4294967182,223.67,180.42
4294967185,223.67,180.42
4294967187,221.91,180.42
4294967190,221.91,180.42
4294967192,220.50,180.42
4294967195,220.50,180.42
4294967198,219.10,180.42
4294967201,219.10,180.42
4294967203,217.69,180.42
4294967206,217.69,180.42
4294967208,216.28,180.42
4294967210,216.28,180.42
4294967213,215.23,180.42
4294967216,213.82,180.42
4294967218,213.82,180.42
4294967221,214.87,180.42
4294967223,214.87,180.20
4294967225,213.47,179.98
4294967228,213.47,179.76
4294967230,211.71,179.32
4294967233,211.71,179.10
4294967235,210.65,179.10
4294967238,210.65,178.88
4294967242,208.89,178.45
4294967244,208.89,178.01
4294967246,207.84,177.35
4294967249,207.84,176.91
4294967251,206.08,176.26
4294967254,206.08,175.82
4294967256,205.02,175.16
4294967259,205.02,174.50
4294967262,203.26,173.85
4294967264,203.26,173.19
4294967267,202.20,172.31
4294967269,202.20,171.66
4294967272,200.44,171.22
4294967274,200.44,170.56
4294967277,199.39,170.12
4294967279,199.39,169.47
4294967283,197.63,168.37
4294967285,197.63,167.72
4294967288,196.22,166.84
4294967290,196.22,166.40
4294967293,195.17,165.52
4294967295,195.17,164.87
2,193.41,164.43
3,193.41,163.99
5,193.41,163.34
7,192.35,162.90
8,192.35,162.24
10,192.35,161.80
12,190.94,161.36
13,190.94,160.71
15,190.94,160.27
17,189.54,159.61
19,189.54,159.17
21,188.13,158.30
22,188.13,157.64
24,188.13,156.98
26,187.07,156.55
27,187.07,155.89
30,187.07,155.23
32,185.66,154.58
33,185.66,153.92
35,185.66,153.26
37,184.26,152.82
39,184.26,152.17
40,184.26,151.51
42,183.20,150.85
44,183.20,150.20
45,182.15,149.76
47,182.15,149.10
49,182.15,148.44
51,181.09,148.01
53,181.09,147.57
54,181.09,146.91
56,180.03,146.47
58,180.03,145.82
59,180.03,145.16
61,178.98,144.50
63,178.98,143.84
64,178.98,143.19
67,177.92,142.53
68,177.92,141.87
70,177.92,141.65
73,177.22,141.22
74,177.22,140.56
76,176.16,140.12
78,176.16,139.46
79,176.16,138.81
81,175.11,138.37
83,175.11,137.71
84,175.11,137.05
87,174.40,136.40
88,174.40,135.74
90,174.40,135.08
92,173.35,134.65
93,173.35,133.99
95,173.35,133.55
97,172.64,132.89
98,172.64,132.24
100,171.94,131.80
102,171.94,131.14
104,171.94,130.49
106,171.24,130.05
108,171.24,129.39
109,171.24,128.51
111,170.53,127.86
113,170.53,127.20
115,170.53,126.32
118,169.83,125.67
119,169.83,125.01
122,169.12,124.57
123,169.12,123.91
125,169.12,123.04
127,168.42,122.38
129,168.42,121.73
130,168.42,120.85
132,168.07,120.41
134,168.07,119.54
136,167.36,119.10
138,167.36,118.44
139,167.36,117.78
142,166.66,117.34
143,166.66,116.69
145,166.66,115.81
147,165.96,115.15
149,165.96,114.50
151,165.61,113.62
152,165.61,112.96
154,165.61,112.31
156,164.90,111.43
159,164.90,110.77
160,164.90,109.90
163,164.20,109.24
164,164.20,108.58
167,163.85,108.15
168,163.85,107.49
170,163.85,106.83
172,163.14,106.18
173,163.14,105.52
175,163.14,104.86
177,162.79,104.20
179,162.79,103.33
181,162.09,102.67
183,162.09,101.80
184,162.09,101.14
186,161.73,100.26
188,161.73,99.61
190,161.73,99.17
192,161.38,98.51
193,161.38,97.85
195,160.68,97.42
197,160.68,96.54
198,160.68,95.88
201,160.33,95.23
203,160.33,94.57
205,160.33,93.69
207,159.97,93.04
208,159.97,92.38
210,159.97,91.72
212,159.62,91.06
213,159.62,90.41
215,159.62,89.53
217,159.27,88.87
219,159.27,88.22
220,159.27,87.78
222,158.92,87.12
224,158.92,86.47
225,158.57,86.03
227,158.57,85.15
229,158.57,84.50
231,158.22,84.06
232,158.22,83.40
234,158.22,82.74
236,157.86,81.87
238,157.86,81.21
239,157.86,80.55
241,157.51,79.68
244,157.51,79.02
245,157.51,78.36
247,157.16,77.71
249,157.16,77.05
250,157.16,76.61
253,156.81,75.95
254,156.81,75.30
256,156.46,74.64
258,156.46,73.98
259,156.46,73.33
261,156.46,72.89
263,156.46,72.23
264,156.46,71.57
267,156.10,71.14
268,156.10,70.48
270,156.10,70.26
272,155.75,69.60
273,155.75,68.95
275,155.75,68.07
277,155.40,67.41
278,155.40,66.76
280,155.40,66.10
282,155.40,65.44
283,155.40,64.79
286,155.05,64.35
288,155.05,63.69
290,155.05,63.03
292,154.70,62.60
293,154.70,61.94
295,154.70,61.28
297,154.34,60.62
298,154.34,59.97
300,154.34,59.31
302,153.99,58.65
304,153.99,58.00
305,153.99,57.56
307,153.99,56.90
309,153.99,56.03
310,153.64,55.37
312,153.64,54.71
314,153.64,54.05
316,153.29,53.62
318,153.29,52.96
319,153.29,52.30
321,153.29,51.86
323,153.29,51.21
324,153.29,50.77
326,152.94,50.11
329,152.94,49.46
330,152.94,48.80
333,152.58,48.14
334,152.58,47.48
335,152.58,47.05
338,152.23,46.39
339,152.23,45.73
341,151.88,44.86
343,151.88,44.20
344,151.88,43.54
347,151.53,42.88
348,151.53,42.23
349,151.53,41.57
352,151.18,40.91
353,151.18,40.26
355,151.18,39.16
357,150.82,38.51
358,150.82,37.85
360,150.82,37.19
362,150.47,36.53
363,150.47,35.88
365,150.47,35.00
367,150.47,34.34
369,150.47,33.69
372,150.12,32.81
373,150.12,32.15
375,150.12,31.50
377,150.12,31.28
378,150.12,30.62
380,150.12,29.96
382,149.77,29.31
384,149.77,28.65
385,149.77,27.99
387,149.42,27.34
389,149.42,26.68
390,149.42,25.80
392,149.07,25.15
394,149.07,24.49
395,148.71,23.83
398,148.71,23.18
399,148.71,22.52
401,148.71,21.64
403,148.71,20.98
404,148.71,20.33
406,148.36,19.67
408,148.36,19.01
409,148.36,18.14
411,148.01,17.48
414,148.01,16.82
415,148.01,16.17
418,147.66,15.51
419,147.66,14.85
421,147.31,14.20
423,147.31,13.54
424,147.31,12.88
426,146.95,12.01
428,146.95,11.35
429,146.95,10.69
432,146.95,10.25
433,146.95,9.60
434,146.95,8.94
437,146.95,8.28
438,146.95,7.85
439,146.95,7.41
442,147.31,7.19
443,147.31,6.75
444,147.31,6.53
446,147.31,6.53
448,147.31,6.75
449,147.31,6.75
451,149.77,6.97
453,149.77,6.97
454,149.77,7.19
457,153.64,7.19
459,153.64,7.41
460,153.64,7.41
462,149.42,7.63
463,149.42,7.63
465,149.42,7.63
467,149.42,7.63
468,149.42,7.63
470,149.42,7.63
472,148.71,7.63
473,148.71,7.63
475,148.71,7.63
477,148.36,7.63
478,148.36,7.63
480,148.36,7.63
482,148.36,7.63
483,148.36,7.63
484,148.36,7.63
487,148.01,7.63
488,148.01,7.63
489,148.01,7.63
492,147.66,7.63
493,147.66,7.63
494,147.66,7.63
496,147.31,7.63
499,147.31,7.63
500,147.31,7.63
502,146.95,7.63
504,146.95,7.63
505,146.95,7.63
507,146.95,7.63
509,146.95,7.63
510,146.95,7.63
512,146.60,7.63
513,146.60,7.63
515,146.60,7.63
517,145.90,7.63
518,145.90,7.63
520,145.90,7.63
522,145.55,7.63
523,145.55,7.63
525,145.55,7.63
527,145.19,7.63
528,145.19,7.63
530,145.19,7.63
532,144.49,7.63
533,144.49,7.63
534,144.49,7.63
537,144.14,7.63
538,144.14,7.63
539,144.14,7.63
543,141.32,7.63
544,141.32,7.63
545,141.32,7.85
547,140.62,7.85
549,140.62,7.85
550,140.62,7.85
552,139.92,7.85
554,139.92,7.85
555,139.92,8.06
557,139.56,8.06
559,139.56,8.06
560,139.56,8.06
562,138.51,8.06
563,138.51,8.28
565,138.51,8.28
567,137.80,8.28
568,137.80,8.28
570,137.80,8.28
572,137.10,8.28
573,137.10,8.50
575,137.10,8.50
577,136.40,8.50
578,136.40,8.50
580,136.40,8.50
582,135.69,8.50
584,135.69,8.50
585,135.69,8.72
588,134.64,8.72
589,134.64,8.72
590,134.64,8.72
593,133.93,8.72
594,133.93,8.72
595,133.93,8.72
597,132.88,8.72
599,132.88,8.72
600,132.88,8.72
602,131.82,8.72
604,131.82,8.72
605,131.82,8.72
607,130.77,8.72
609,130.77,8.72
610,130.77,8.72
612,129.71,8.72
613,129.71,8.72
615,129.71,8.72
617,128.65,8.72
618,128.65,8.72
620,128.65,8.72
622,127.25,8.72
623,127.25,8.72
625,127.25,8.72
628,126.19,8.72
629,126.19,8.72
631,126.19,8.72
633,125.14,8.72
634,125.14,8.72
635,125.14,8.72
638,123.73,8.72
639,123.73,8.72
640,123.73,8.72
643,122.32,8.72
644,122.32,8.72
645,122.32,8.72
647,120.91,8.72
649,120.91,8.72
650,120.91,8.72
652,119.50,8.72
654,119.50,8.72
655,119.50,8.72
657,117.74,8.72
658,117.74,8.72
660,117.74,8.72
662,116.34,8.72
663,116.34,8.72
665,116.34,8.72
667,114.93,8.72
668,114.93,8.72
671,114.93,8.72
673,113.17,8.72
674,113.17,8.72
676,113.17,8.72
678,111.41,8.72
679,111.41,8.72
680,111.41,8.72
683,109.65,8.72
684,109.65,8.72
685,109.65,8.72
687,107.89,8.72
689,107.89,8.72
690,107.89,8.72
692,106.13,8.72
694,106.13,8.72
695,104.37,8.72
697,104.37,8.72
699,104.37,8.72
700,102.61,8.72
702,102.61,8.72
704,102.61,8.72
705,100.50,8.72
707,100.50,8.72
708,100.50,8.72
710,98.39,8.72
713,98.39,8.72
714,98.39,8.72
716,98.39,8.72
718,96.28,8.72
719,96.28,8.72
720,96.28,8.72
722,94.17,8.72
724,94.17,8.72
725,94.17,8.72
727,92.06,8.72
728,92.06,8.72
729,92.06,8.72
731,89.59,8.72
733,89.59,8.72
734,89.59,8.72
735,87.48,8.72
737,87.48,8.72
739,87.48,8.72
740,87.48,8.72
742,85.02,8.72
744,85.02,8.72
745,85.02,8.72
747,82.55,8.72
748,82.55,8.72
749,82.55,8.72
751,80.09,8.72
753,80.09,8.72
755,80.09,8.72
757,77.63,8.72
758,77.63,8.72
760,77.63,8.72
762,75.16,8.72
763,75.16,8.72
764,75.16,8.72
766,72.35,8.72
768,72.35,8.72
769,72.35,8.72
770,72.35,8.72
772,69.53,8.72
774,69.53,8.72
775,69.53,8.72
777,67.07,8.72
778,67.07,8.72
780,67.07,8.72
782,64.25,8.72
783,64.25,8.72
784,64.25,8.72
786,61.44,8.72
788,61.44,8.72
789,61.44,8.72
790,58.27,8.72
792,58.27,8.72
794,58.27,8.72
795,55.46,8.72
798,55.46,8.72
799,55.46,8.72
801,55.46,8.72
803,52.29,8.72
804,52.29,8.72
805,52.29,8.72
807,49.12,8.72
808,49.12,8.72
810,49.12,8.72
812,46.31,8.72
813,46.31,8.72
814,46.31,8.72
817,42.79,8.72
818,42.79,8.72
819,42.79,8.72
821,39.97,8.72
822,39.97,8.72
824,39.97,8.72
825,39.97,8.72
827,36.45,8.72
828,36.45,8.72
830,36.45,8.72
832,33.29,8.72
833,33.29,8.72
834,33.29,8.72
836,30.12,8.72
838,30.12,8.72
840,30.12,8.72
842,26.95,8.72
843,26.95,8.72
845,26.95,8.72
847,23.43,8.72
848,23.43,8.72
849,23.43,8.72
851,19.91,8.72
853,19.91,8.72
854,19.91,8.72
855,19.91,8.72
857,16.75,8.72
859,16.75,8.72
860,16.75,8.72
862,13.23,8.72
863,13.23,8.72
865,13.23,8.72
867,9.71,8.72
868,9.71,8.72
869,9.71,8.72
870,6.54,8.72
872,6.54,8.72
874,6.54,8.72
875,6.54,8.72
877,3.02,8.72
878,3.02,8.72
879,3.02,8.72
881,-0.50,8.72
883,-0.50,8.72
885,-0.50,8.72
886,-4.02,8.72
888,-4.02,8.72
889,-4.02,8.72
891,-7.54,8.72
893,-7.54,8.72
894,-7.54,8.72
895,-7.54,8.72
897,348.95,8.72
899,348.95,8.72
900,348.95,8.72
902,345.43,8.72
904,345.43,8.72
905,345.43,8.72
907,341.91,8.72
909,341.91,8.72
910,341.91,8.72
912,338.40,8.72
913,338.40,8.72
915,338.40,8.72
917,334.88,8.72
918,334.88,8.72
920,334.88,8.72
922,331.36,8.72
923,331.36,8.72
926,331.36,8.72
928,327.84,8.72
929,327.84,8.72
931,327.84,8.72
933,324.32,8.72
934,324.32,8.72
935,324.32,8.72
937,321.15,8.72
939,321.15,8.72
940,321.15,8.72
942,317.63,8.72
944,317.63,8.72
945,317.63,8.72
947,314.11,8.72
949,314.11,8.72
950,314.11,8.72
952,310.95,8.72
954,310.95,8.72
955,310.95,8.72
957,307.78,8.72
958,307.78,8.72
960,307.78,8.72
962,304.26,8.72
963,304.26,8.72
965,304.26,8.72
968,301.44,8.72
969,301.44,8.72
971,301.44,8.72
973,297.93,8.72
974,297.93,8.72
976,297.93,8.72
978,295.11,8.72
979,295.11,8.72
981,295.11,8.72
983,291.94,8.72
984,291.94,8.72
985,291.94,8.72
987,288.78,8.72
989,288.78,8.72
990,288.78,8.72
992,285.96,8.72
994,285.96,8.72
995,282.79,8.72
997,282.79,8.72
999,282.79,8.72
1000,279.98,8.72
1002,279.98,8.72
1004,279.98,8.72
1005,277.16,8.72
1007,277.16,8.72
1009,277.16,8.72
1012,274.35,8.72
1014,274.35,8.72
1015,274.35,8.72
1017,271.88,8.72
1019,271.88,8.72
1020,271.88,8.72
1022,269.07,8.72
1024,269.07,8.72
1025,269.07,8.72
1028,266.60,8.72
1029,266.60,8.72
1031,264.14,8.72
1033,264.14,8.72
1034,264.14,8.72
1036,262.03,8.72
1038,262.03,8.72
1039,262.03,8.72
1042,262.03,8.72
1043,262.03,8.72
1044,262.03,8.72
1047,262.03,8.72
1048,262.03,8.72
1050,262.03,8.72
1052,262.03,8.72
1054,262.03,8.72
1056,262.03,8.72
1058,262.03,8.72
1059,262.03,8.72
1061,262.03,8.72
1063,262.03,8.72
1064,262.03,8.72
1066,262.03,8.72
1068,262.03,8.72
1069,262.03,8.72
1072,262.03,8.72
1073,262.03,8.72
1075,262.03,8.72
1077,262.03,8.72
1078,262.03,8.72
1080,262.03,8.72
1082,260.62,8.72
1083,260.62,8.72
1085,260.62,8.72
1087,258.51,8.72
1088,258.51,8.72
1090,258.51,8.72
1092,256.75,8.72
1094,256.75,8.72
1096,254.64,8.72
1098,254.64,8.72
1100,254.64,8.72
1102,252.88,8.72
1103,252.88,8.72
1105,252.88,8.72
1107,251.12,8.72
1108,251.12,8.72
1110,251.12,8.72
1112,249.71,8.72
1114,249.71,8.72
1115,249.71,8.72
1117,247.95,8.72
1119,247.95,8.72
1120,246.19,8.72
1122,246.19,8.72
1124,246.19,8.72
1125,244.79,8.72
1128,244.79,8.72
1129,244.79,8.72
1131,243.38,8.72
1133,243.38,8.72
1134,243.38,8.72
1136,241.97,8.72
1139,241.97,8.72
1140,241.97,8.72
1143,240.56,8.72
1144,240.56,8.72
1146,240.56,8.72
1148,239.16,8.72
1149,239.16,8.72
1151,238.10,8.72
1153,238.10,8.72
1154,238.10,8.72
1156,236.69,8.72
1158,236.69,8.72
1159,236.69,8.72
1162,235.64,8.72
1163,235.64,8.72
1165,235.64,8.72
1167,234.58,8.72
1168,234.58,8.72
1170,234.58,8.72
1172,233.52,8.72
1173,233.52,8.72
1175,233.52,8.72
1177,232.47,8.72
1179,232.47,8.72
1180,231.41,8.72
1183,231.41,8.72
1185,231.41,8.72
1187,230.36,8.72
1188,230.36,8.72
1190,230.36,8.72
1192,229.65,8.72
1194,229.65,8.72
1195,229.65,8.72
1197,228.60,8.72
1199,228.60,8.72
1200,228.60,8.72
1202,227.89,8.72
1204,227.89,8.72
1205,227.19,8.72
1207,227.19,8.72
1209,227.19,8.72
1210,226.13,8.72
1213,226.13,8.72
1214,226.13,8.72
1216,225.78,8.72
1218,225.78,8.72
1219,225.78,8.72
1221,225.08,8.72
1224,225.08,8.72
1225,225.08,8.72
1228,224.38,8.72
1229,224.38,8.72
1231,224.38,8.72
1233,223.67,8.72
1234,223.67,8.72
1236,223.32,8.72
1238,223.32,8.72
1239,223.32,8.72
1241,222.62,8.72
1243,222.62,8.72
1245,222.62,8.72
1247,222.26,8.72
1248,222.26,8.72
1250,222.26,8.72
1252,221.91,8.72
1253,221.91,8.72
1255,221.91,8.72
1257,221.56,8.72
1258,221.56,8.72
1260,221.56,8.72
1262,221.21,8.72
1264,221.21,8.72
1265,220.86,8.72
1268,220.86,8.72
1270,220.86,8.72
1272,220.50,8.72
1273,220.50,8.72
1275,220.50,8.72
1277,220.15,8.72
1279,220.15,8.72
1280,220.15,8.72
1282,220.15,8.72
1284,220.15,8.72
1285,220.15,8.72
1287,219.80,8.72
1289,219.80,8.72
1290,219.80,8.72
1292,219.80,8.72
1294,219.80,8.72
1295,219.45,8.72
1298,219.45,8.72
1299,219.45,8.72
1301,219.45,8.72
1303,219.45,8.72
1304,219.45,8.72
1306,219.45,8.72
1308,219.45,8.72
1310,219.45,8.72
1312,219.45,8.72
1314,219.45,8.72
1315,219.45,8.72
1318,219.45,8.72
1319,219.45,8.72
1320,219.45,8.72
1323,219.45,8.72
1324,219.45,8.72
1326,219.80,8.72
1328,219.80,8.72
1329,219.80,8.72
1331,219.80,8.72
1333,219.80,8.72
1334,219.80,8.72
1336,219.80,8.72
1338,219.80,8.72
1339,219.80,8.72
1342,220.15,8.72
1343,220.15,8.72
1345,220.15,8.72
1347,220.50,8.72
1348,220.50,8.72
1350,220.50,8.72
1353,220.50,8.72
1354,220.50,8.72
1356,220.50,8.72
1358,220.86,8.72
1359,220.86,8.72
1361,221.21,8.72
1363,221.21,8.72
1364,221.21,8.72
1366,221.56,8.72
1368,221.56,8.72
1370,221.56,8.72
1372,221.91,8.72
1373,221.91,8.72
1375,221.91,8.72
1377,222.62,8.72
1378,222.62,8.72
1380,222.62,8.72
1382,222.97,8.72
1384,222.97,8.72
1385,222.97,8.72
1387,223.32,8.72
1389,223.32,8.72
1390,224.02,8.72
1392,224.02,8.72
1395,224.02,8.72
1397,224.73,8.72
1399,224.73,8.72
1400,224.73,8.72
1402,225.08,8.72
1404,225.08,8.72
1405,225.08,8.72
1407,225.78,8.72
1409,225.78,8.72
1410,225.78,8.72
1412,226.49,8.72
1414,226.49,8.72
1415,227.19,8.72
1418,227.19,8.72
1419,227.19,8.72
1421,227.89,8.72
1423,227.89,8.72
1424,227.89,8.72
1426,228.95,8.72
1428,228.95,8.72
1429,228.95,8.72
1432,229.65,8.72
1433,229.65,8.72
1435,229.65,8.72
1438,230.71,8.72
1439,230.71,8.72
1441,230.71,8.72
1443,231.77,8.72
1444,231.77,8.72
1446,232.82,8.72
1448,232.82,8.72
1450,232.82,8.72
1452,233.88,8.72
1453,233.88,8.72
1455,233.88,8.72
1457,234.58,8.72
1458,234.58,8.72
1460,234.58,8.72
1462,235.99,8.72
1463,235.99,8.72
1465,235.99,8.72
1467,237.04,8.72
1469,237.04,8.72
1470,238.45,8.72
1472,238.45,8.72
1474,238.45,8.72
1475,239.51,8.72
1477,239.51,8.72
1480,239.51,8.72
1482,240.91,8.72
1484,240.91,8.72
1485,240.91,8.72
1487,242.32,8.72
1489,242.32,8.72
1490,242.32,8.72
1492,243.73,8.72
1494,243.73,8.72
1495,243.73,8.72
1498,245.14,8.72
1499,245.14,8.72
1501,246.55,8.72
1503,246.55,8.72
1504,246.55,8.72
1506,248.31,8.72
1508,248.31,8.72
1509,248.31,8.72
1511,250.06,8.72
1513,250.06,8.72
1514,250.06,8.72
1517,251.47,8.72
1518,251.47,8.72
1520,251.47,8.72
1523,253.23,8.72
1524,253.23,8.72
1526,253.23,8.72
1528,254.99,8.72
1529,254.99,8.72
1531,256.75,8.72
1533,256.75,8.72
1535,256.75,8.72
1537,258.86,8.72
1538,258.86,8.72
1540,258.86,8.72
1542,260.97,8.72
1543,260.97,8.72
1545,260.97,8.72
1547,262.03,8.72
1549,262.03,8.72
1550,262.03,8.72
1552,262.03,8.72
1554,262.03,8.72
1555,262.03,8.72
1557,262.03,8.72
1559,262.03,8.72
1560,262.03,8.72
1562,262.03,8.72
1564,262.03,8.72
1566,262.03,8.72
1568,262.03,8.72
1570,262.03,8.72
1572,262.03,8.72
1574,262.03,8.72
1575,262.03,8.72
1577,262.03,8.72
1579,262.03,8.72
1580,262.03,8.72
1582,262.03,8.72
1584,262.03,8.72
1585,262.03,8.72
1587,262.03,8.72
1589,262.03,8.72
1590,262.03,8.72
1592,264.14,8.72
1594,264.14,8.72
1595,266.60,8.72
1598,266.60,8.72
1599,266.60,8.72
1601,269.42,8.72
1603,269.42,8.72
1604,269.42,8.72
1606,271.88,8.72
1609,271.88,8.72
1610,271.88,8.72
1612,274.70,8.72
1614,274.70,8.72
1615,274.70,8.72
1618,277.51,8.72
1619,277.51,8.72
1621,280.33,8.72
1623,280.33,8.72
1624,280.33,8.72
1626,282.79,8.72
1628,282.79,8.72
1629,282.79,8.72
1632,285.96,8.72
1633,285.96,8.72
1635,285.96,8.72
1637,288.78,8.72
1638,288.78,8.72
1640,288.78,8.72
1642,291.94,8.72
1643,291.94,8.72
1645,291.94,8.72
1647,295.11,8.72
1649,295.11,8.72
1651,297.93,8.72
1653,297.93,8.72
1655,297.93,8.72
1656,301.09,8.72
1658,301.09,8.72
1660,301.09,8.72
1662,304.26,8.72
1663,304.26,8.72
1665,304.26,8.72
1667,307.43,8.72
1669,307.43,8.72
1670,307.43,8.72
1672,310.59,8.72
1674,310.59,8.72
1675,310.59,8.72
1677,314.11,8.72
1679,314.11,8.72
1680,317.28,8.72
1683,317.28,8.72
1684,317.28,8.72
1686,320.45,8.72
1688,320.45,8.72
1689,320.45,8.72
1691,323.97,8.72
1694,323.97,8.72
1695,323.97,8.72
1698,327.49,8.72
1699,327.49,8.72
1701,327.49,8.72
1703,330.65,8.72
1704,330.65,8.72
1706,334.17,8.72
1708,334.17,8.72
1709,334.17,8.72
1711,337.69,8.72
1713,337.69,8.72
1714,337.69,8.72
1717,340.86,8.72
1718,340.86,8.72
1720,340.86,8.72
1722,344.38,8.72
1723,344.38,8.72
1725,344.38,8.72
1727,347.90,8.72
1728,347.90,8.72
1730,347.90,8.72
1732,-8.59,8.72
1734,-8.59,8.72
1736,-8.59,8.72
1738,-5.07,8.72
1739,-5.07,8.72
1741,-5.07,8.72
1743,-1.91,8.72
1744,-1.91,8.72
1746,1.61,8.72
1748,1.61,8.72
1749,1.61,8.72
1750,1.61,8.72
1752,5.13,8.72
1754,5.13,8.72
1755,5.13,8.72
1757,8.65,8.72
1758,8.65,8.72
1760,8.65,8.72
1762,11.82,8.72
1763,11.82,8.72
1764,11.82,8.72
1767,15.34,8.72
1768,15.34,8.72
1769,15.34,8.72
1772,18.51,8.72
1773,18.51,8.72
1774,18.51,8.72
1776,22.02,8.72
1779,22.02,8.72
1780,22.02,8.72
1782,25.19,8.72
1784,25.19,8.72
1785,25.19,8.72
1787,28.36,8.72
1788,28.36,8.72
1790,28.36,8.72
1792,31.53,8.72
1793,31.53,8.72
1795,31.53,8.72
1797,34.69,8.72
1798,34.69,8.72
1800,34.69,8.72
1802,37.86,8.72
1803,37.86,8.72
1805,37.86,8.72
1807,41.03,8.72
1808,41.03,8.72
1810,41.03,8.72
1812,44.19,8.72
1813,44.19,8.72
1814,44.19,8.72
1817,47.01,8.72
1818,47.01,8.72
1819,47.01,8.72
1822,50.18,8.72
1824,50.18,8.72
1825,50.18,8.72
1827,52.99,8.72
1829,52.99,8.72
1830,52.99,8.72
1832,55.81,8.72
1834,55.81,8.72
1835,55.81,8.72
1837,58.62,8.72
1838,58.62,8.72
1840,58.62,8.72
1842,61.44,8.72
1843,61.44,8.72
1845,61.44,8.72
1847,64.25,8.72
1848,64.25,8.72
1850,64.25,8.72
1852,67.07,8.72
1853,67.07,8.72
1855,67.07,8.72
1857,69.53,8.72
1858,69.53,8.72
1860,69.53,8.72
1862,72.00,8.72
1864,72.00,8.72
1865,72.00,8.72
1868,74.46,8.72
1869,74.46,8.72
1870,74.46,8.72
1872,76.92,8.72
1874,76.92,8.72
1875,76.92,8.72
1877,79.39,8.72
1879,79.39,8.72
1880,79.39,8.72
1882,81.85,8.72
1884,81.85,8.72
1885,81.85,8.72
1887,83.96,8.72
1888,83.96,8.72
1890,83.96,8.72
1892,86.42,8.72
1893,86.42,8.72
1895,86.42,8.72
1897,88.54,8.72
1898,88.54,8.72
1900,88.54,8.72
1902,90.65,8.72
1903,90.65,8.72
1905,90.65,8.72
1908,92.41,8.72
1909,92.41,8.72
1911,92.41,8.72
1913,94.52,8.72
1914,94.52,8.72
1915,94.52,8.72
1918,96.63,8.72
1919,96.63,8.72
1920,96.63,8.72
1922,98.39,8.72
1924,98.39,8.72
1925,98.39,8.72
1927,100.15,8.72
1929,100.15,8.72
1930,100.15,8.72
1932,101.91,8.72
1934,101.91,8.72
1935,103.67,8.72
1938,103.67,8.72
1939,103.67,8.72
1941,105.43,8.72
1943,105.43,8.72
1944,105.43,8.72
1946,106.84,8.72
1948,106.84,8.72
1950,106.84,8.72
1953,108.60,8.72
1954,108.60,8.72
1956,108.60,8.72
1958,110.00,8.72
1959,110.00,8.72
1961,110.00,8.72
1963,111.41,8.72
1964,111.41,8.72
1966,112.82,8.72
1968,112.82,8.72
1970,112.82,8.72
1972,114.23,8.72
1973,114.23,8.72
1975,114.23,8.72
1977,115.63,8.72
1978,115.63,8.72
1980,115.63,8.72
1982,116.69,8.72
1983,116.69,8.72
1985,116.69,8.72
1987,117.74,8.72
1989,117.74,8.72
1990,119.15,8.72
1993,119.15,8.72
1995,119.15,8.72
1996,120.21,8.72
1998,120.21,8.72
2000,120.21,8.72
2002,121.26,8.72
2004,121.26,8.72
2005,121.26,8.72
2007,122.32,8.72
2009,122.32,8.72
2010,122.32,8.72
2012,123.38,8.72
2014,123.38,8.72
2015,123.38,8.72
2018,124.08,8.72
2019,124.08,8.72
2021,125.14,8.72
2023,125.14,8.72
2024,125.14,8.72
2026,125.84,8.72
2028,125.84,8.72
2029,125.84,8.72
2031,126.54,8.72
2033,126.54,8.72
2035,126.54,8.72
2038,127.25,8.72
2039,127.25,8.72
2041,127.25,8.72
2043,127.95,8.72
2044,127.95,8.72
2046,128.65,8.72
2048,128.65,8.72
2049,128.65,8.72
2051,129.36,8.72
2053,129.36,8.72
2055,129.36,8.72
2057,130.06,8.72
2058,130.06,8.72
2060,130.06,8.72
2062,130.41,8.72
2063,130.41,8.72
2065,130.41,8.72
2067,131.12,8.72
2069,131.12,8.72
2070,131.12,8.72
2072,131.47,8.72
2074,131.47,8.72
2075,131.82,8.72
2078,131.82,8.72
2080,131.82,8.72
2081,132.17,8.72
2083,132.17,8.72
2085,132.17,8.72
2087,132.53,8.72
2089,132.53,8.72
2090,132.53,8.72
2092,132.88,8.72
2094,132.88,8.72
2095,132.88,8.72
2097,132.88,8.72
2099,132.88,8.72
2100,132.88,8.72
2103,133.23,8.72
2104,133.23,8.72
2105,133.58,8.72
2108,133.58,8.72
2109,133.58,8.72
2111,133.58,8.72
2113,133.58,8.72
2114,133.58,8.72
2116,133.58,8.72
2118,133.58,8.72
2120,133.58,8.72
2122,133.58,8.72
2124,133.58,8.72
2125,133.58,8.72
2127,133.58,8.72
2129,133.58,8.72
2130,133.58,8.72
2133,133.58,8.72
2134,133.58,8.72
2136,133.58,8.72
2138,133.58,8.72
2139,133.58,8.72
2141,133.58,8.72
2143,133.58,8.72
2144,133.58,8.72
2146,133.23,8.72
2148,133.23,8.72
2149,133.23,8.72
2151,133.23,8.72
2153,133.23,8.72
2154,133.23,8.72
2157,132.88,8.72
2158,132.88,8.72
2159,132.88,8.72
2163,132.53,8.72
2164,132.53,8.72
2166,132.53,8.72
2168,132.17,8.72
2169,132.17,8.72
2171,132.17,8.72
2173,131.82,8.72
2174,131.82,8.72
2176,131.47,8.72
2178,131.47,8.72
2180,131.47,8.72
2182,131.12,8.72
2183,131.12,8.72
2185,131.12,8.72
2187,130.77,8.72
2188,130.77,8.72
2190,130.77,8.72
2192,130.06,8.72
2194,130.06,8.72
2195,130.06,8.72
2197,129.71,8.72
2199,129.71,8.72
2200,129.01,8.72
2202,129.01,8.72
2204,129.01,8.72
2206,128.30,8.72
2208,128.30,8.72
2210,128.30,8.72
2212,127.60,8.72
2214,127.60,8.72
2215,127.60,8.72
2217,126.89,8.72
2219,126.89,8.72
2220,126.89,8.72
2222,126.19,8.72
2224,126.19,8.72
2225,126.19,8.72
2228,125.49,8.72
2229,125.49,8.72
2231,124.43,8.72
2233,124.43,8.72
2234,124.43,8.72
2236,123.73,8.72
2238,123.73,8.72
2239,123.73,8.72
2242,122.67,8.72
2243,122.67,8.72
2245,122.67,8.72
2248,121.62,8.72
2249,121.62,8.72
2251,121.62,8.72
2253,120.56,8.72
2254,120.56,8.72
2256,120.56,8.72
2258,119.50,8.72
2259,119.50,8.72
2261,118.45,8.72
2263,118.45,8.72
2265,118.45,8.72
2267,117.04,8.72
2268,117.04,8.72
2270,117.04,8.72
2272,115.99,8.72
2273,115.99,8.72
2275,115.99,8.72
2277,114.58,8.72
2279,114.58,8.72
2280,114.58,8.72
2282,113.17,8.72
2284,113.17,8.72
2285,112.11,8.72
2287,112.11,8.72
2289,112.11,8.72
2291,110.35,8.72
2293,110.35,8.72
2295,110.35,8.72
2297,108.95,8.72
2299,108.95,8.72
2300,108.95,8.72
2302,107.54,8.72
2304,107.54,8.72
2305,107.54,8.72
2307,106.13,8.72
2309,106.13,8.72
2310,106.13,8.72
2313,104.37,8.72
2314,104.37,8.72
2316,102.61,8.72
2318,102.61,8.72
2319,102.61,8.72
2321,100.85,8.72
2323,100.85,8.72
2324,100.85,8.72
2327,99.09,8.72
2328,99.09,8.72
2329,99.09,8.72
2331,97.33,8.72
2334,97.33,8.72
2335,97.33,8.72
2337,95.57,8.72
2339,95.57,8.72
2340,95.57,8.72
2342,93.46,8.72
2344,93.46,8.72
2345,93.46,8.72
2347,91.35,8.72
2349,91.35,8.72
2350,91.35,8.72
2352,89.59,8.72
2353,89.59,8.72
2355,89.59,8.72
2357,87.48,8.72
2358,87.48,8.72
2360,87.48,8.72
2362,85.37,8.72
2363,85.37,8.72
2365,85.37,8.72
2367,82.91,8.72
2368,82.91,8.72
2370,82.91,8.72
2372,80.79,8.72
2373,80.79,8.72
2374,80.79,8.72
2378,78.33,8.72
2379,78.33,8.72
2380,78.33,8.72
2382,75.87,8.72
2384,75.87,8.72
2385,75.87,8.72
2387,73.40,8.72
2389,73.40,8.72
2390,73.40,8.72
2392,70.94,8.72
2394,70.94,8.72
2395,70.94,8.72
2397,68.48,8.72
2399,68.48,8.72
2400,68.48,8.72
2402,65.66,8.72
2403,65.66,8.72
2405,65.66,8.72
2407,63.20,8.72
2408,63.20,8.72
2410,63.20,8.72
2412,60.38,8.72
2413,60.38,8.72
2415,60.38,8.72
2417,57.57,8.72
2419,57.57,8.72
2421,57.57,8.72
2423,54.75,8.72
2424,54.75,8.72
2425,54.75,8.72
2428,51.94,8.72
2429,51.94,8.72
2430,51.94,8.72
2432,48.77,8.72
2434,48.77,8.72
2435,48.77,8.72
2437,45.95,8.72
2439,45.95,8.72
2440,45.95,8.72
2442,42.79,8.72
2444,42.79,8.72
2445,42.79,8.72
2447,39.97,8.72
2449,39.97,8.72
2450,39.97,8.72
2452,36.80,8.72
2453,36.80,8.72
2455,36.80,8.72
2457,33.64,8.72
2458,33.64,8.72
2460,33.64,8.72
2463,30.47,8.72
2464,30.47,8.72
2466,30.47,8.72
2468,27.30,8.72
2469,27.30,8.72
2470,27.30,8.72
2473,24.14,8.72
2474,24.14,8.72
2475,24.14,8.72
2477,20.97,8.72
2479,20.97,8.72
2480,20.97,8.72
2482,17.45,8.72
2484,17.45,8.72
2485,17.45,8.72
2487,14.28,8.72
2489,14.28,8.72
2490,14.28,8.72
2492,11.11,8.72
2494,11.11,8.72
2495,11.11,8.72
2497,7.60,8.72
2498,7.60,8.72
2500,7.60,8.72
2502,4.43,8.72
2504,4.43,8.72
2505,4.43,8.72
2507,0.91,8.72
2509,0.91,8.72
2510,0.91,8.72
2511,-2.26,8.72
2513,-2.26,8.72
2515,-2.26,8.72
2516,-5.78,8.72
2518,-5.78,8.72
2520,-5.78,8.72
2522,-9.30,8.72
2523,-9.30,8.72
2525,-9.30,8.72
2527,347.55,8.72
2528,347.55,8.72
2530,347.55,8.72
2532,344.03,8.72
2533,344.03,8.72
2535,344.03,8.72
2537,340.51,8.72
2538,340.51,8.72
2540,340.51,8.72
2542,337.34,8.72
2544,337.34,8.72
2545,334.17,8.72
2548,334.17,8.72
2550,334.17,8.72
2551,330.65,8.72
2553,330.65,8.72
2555,330.65,8.72
2557,327.13,8.72
2559,327.13,8.72
2560,327.13,8.72
2562,323.97,8.72
2564,323.97,8.72
2565,323.97,8.72
2567,320.80,8.72
2569,320.80,8.72
2570,320.80,8.72
2573,317.63,8.72
2574,317.63,8.72
2576,314.11,8.72
2578,314.11,8.72
2579,314.11,8.72
2581,310.95,8.72
2583,310.95,8.72
2584,310.95,8.72
2586,308.13,8.72
2588,308.13,8.72
2590,308.13,8.72
2593,304.61,8.72
2594,304.61,8.72
2596,304.61,8.72
2598,301.80,8.72
2599,301.80,8.72
2601,301.80,8.72
2603,298.63,8.72
2604,298.63,8.72
2606,295.81,8.72
2608,295.81,8.72
2610,295.81,8.72
2612,292.65,8.72
2613,292.65,8.72
2615,292.65,8.72
2617,289.83,8.72
2618,289.83,8.72
2620,289.83,8.72
2622,287.02,8.72
2624,287.02,8.72
2625,287.02,8.72
2627,284.20,8.72
2629,284.20,8.72
2630,281.39,8.72
2633,281.39,8.72
2635,281.39,8.72
2636,278.92,8.72
2638,278.92,8.72
2640,278.92,8.72
2642,276.11,8.72
2644,276.11,8.72
2645,276.11,8.72
2647,273.64,8.72
2649,273.64,8.72
2650,273.64,8.72
2652,271.18,8.72
2654,271.18,8.72
2655,271.18,8.72
2658,268.36,8.72
2659,268.36,8.72
2661,266.25,8.72
2663,266.25,8.72
2664,266.25,8.72
2666,263.79,8.72
2668,263.79,8.72
2669,263.79,8.72
2672,262.03,8.72
2673,262.03,8.72
2675,262.03,8.72
2678,262.03,8.72
2679,262.03,8.72
2681,262.03,8.72
2683,262.03,8.72
2684,262.03,8.72
2686,262.03,8.72
2688,262.03,8.72
2689,262.03,8.72
2691,262.03,8.72
2693,262.03,8.72
2694,262.03,8.72
2696,262.03,8.72
2698,262.03,8.72
2699,262.03,8.72
2702,262.03,8.72
2703,262.03,8.72
2705,262.03,8.72
2707,262.03,8.72
2708,262.03,8.72
2710,262.03,8.72
2712,262.03,8.72
2713,262.03,8.72
2715,262.03,8.72
2718,262.03,8.72
2719,262.03,8.72
2721,262.03,8.72
2723,260.27,8.72
2724,260.27,8.72
2726,260.27,8.72
2728,258.51,8.72
2729,258.51,8.72
2731,256.75,8.72
2733,256.75,8.72
2735,256.75,8.72
2736,255.34,8.72
2738,255.34,8.72
2740,255.34,8.72
2742,253.58,8.72
2743,253.58,8.72
2745,253.58,8.72
2747,252.18,8.72
2749,252.18,8.72
2750,252.18,8.72
2752,250.77,8.72
2754,250.77,8.72
2755,250.77,8.72
2757,249.36,8.72
2760,249.36,8.72
2761,247.95,8.72
2763,247.95,8.72
2765,247.95,8.72
2767,246.90,8.72
2769,246.90,8.72
2770,246.90,8.72
2772,245.49,8.72
2774,245.49,8.72
2775,245.49,8.72
2778,244.43,8.72
2779,244.43,8.72
2780,244.43,8.72
2783,243.38,8.72
2784,243.38,8.72
2786,242.32,8.72
2788,242.32,8.72
2789,242.32,8.72
2791,241.27,8.72
2793,241.27,8.72
2795,241.27,8.72
2797,240.21,8.72
2798,240.21,8.72
2800,240.21,8.72
2803,239.16,8.72
2804,239.16,8.72
2806,239.16,8.72
2808,238.45,8.72
2809,238.45,8.72
2811,238.45,8.72
2813,237.75,8.72
2815,237.75,8.72
2816,236.69,8.72
2818,236.69,8.72
2820,236.69,8.72
2822,235.99,8.72
2823,235.99,8.72
2825,235.99,8.72
2827,235.28,8.72
2829,235.28,8.72
2830,235.28,8.72
2832,234.58,8.72
2834,234.58,8.72
2835,234.58,8.72
2837,234.23,8.72
2839,234.23,8.72
2840,234.23,8.72
2843,233.52,8.72
2844,233.52,8.72
2847,233.17,8.72
2849,233.17,8.72
2850,233.17,8.72
2852,232.47,8.72
2854,232.47,8.72
2855,232.47,8.72
2857,232.12,8.72
2859,232.12,8.72
2860,232.12,8.72
2863,231.77,8.72
2864,231.77,8.72
2866,231.77,8.72
2868,231.41,8.72
2869,231.41,8.72
2871,231.06,8.72
2873,231.06,8.72
2874,231.06,8.72
2876,231.06,8.72
2878,231.06,8.72
2880,231.06,8.72
2882,230.71,8.72
2883,230.71,8.72
2885,230.71,8.72
2888,230.71,8.72
2889,230.71,8.72
2891,230.71,8.72
2893,230.36,8.72
2894,230.36,8.72
2896,230.36,8.72
2898,230.36,8.72
2899,230.36,8.72
2901,230.36,8.72
2903,230.36,8.72
2905,230.36,8.72
2906,230.36,8.72
2908,230.36,8.72
2910,230.36,8.72
2911,230.36,8.72
2913,230.36,8.72
2915,230.36,8.72
2917,230.36,8.72
2918,230.36,8.72
2920,230.36,8.72
2922,230.71,8.72
2923,230.71,8.72
2925,230.71,8.72
2927,230.71,8.72
2928,230.71,8.72
2931,230.71,8.72
2933,227.54,8.72
2935,227.54,8.72
2936,227.54,8.72
2938,217.69,8.72
2940,217.69,8.72
2941,208.19,8.72
2943,208.19,8.72
2945,208.19,8.72
2947,33.99,8.72
2948,33.99,8.72
2950,33.99,8.72
2952,61.44,8.72
2953,61.44,8.72
2955,61.44,8.72
2957,83.61,8.72
2958,83.61,8.72
2960,83.61,8.72
2962,99.80,8.72
2963,99.80,8.72
2964,99.80,8.72
2967,111.41,8.72
2968,111.41,8.72
2970,111.41,8.72
2972,120.21,8.72
2974,120.21,8.72
2976,120.21,8.72
2978,126.89,8.72
2979,126.89,8.72
2981,126.89,8.72
2983,132.17,8.72
2985,132.17,8.72
2986,136.40,8.72
2988,136.40,8.72
2990,136.40,8.72
2991,139.56,8.72
2993,139.56,8.72
2995,139.56,8.72
2997,142.38,8.72
2999,142.38,8.72
3000,142.38,8.72
3002,144.49,8.72
3004,144.49,8.72
3005,144.49,8.72
3007,36.45,8.72
3009,36.45,8.72
3010,36.45,8.72
3012,63.90,8.72
3014,63.90,8.72
3016,63.90,8.72
3018,86.42,8.72
3020,86.42,8.72
3021,86.42,8.72
3023,103.32,8.72
3025,103.32,8.72
3026,103.32,8.72
3028,115.99,8.72
3030,115.99,8.72
3031,125.84,8.72
3033,125.84,8.72
3035,125.84,8.72
3036,133.23,8.72
3038,133.23,8.72
3040,133.23,8.72
3042,139.21,8.72
3044,139.21,8.72
3045,139.21,8.72
3047,143.79,8.72
3049,143.79,8.72
3050,143.79,8.72
3052,148.01,8.72
3054,148.01,8.72
3055,148.01,8.72
3057,41.03,8.72
3060,41.03,8.72
3061,69.18,8.72
3063,69.18,8.72
3065,69.18,8.72
3066,93.11,8.72
3068,93.11,8.72
3070,93.11,8.72
3071,111.06,8.72
3073,111.06,8.72
3075,111.06,8.72
3076,124.43,8.72
3078,124.43,8.72
3080,124.43,8.72
3082,134.64,8.72
3084,134.64,8.72
3085,134.64,8.72
3087,143.08,8.72
3089,143.08,8.72
3090,143.08,8.72
3092,149.77,8.72
3094,149.77,8.72
3095,149.77,8.72
3098,47.01,8.72
3099,47.01,8.72
3100,75.87,8.72
3103,75.87,8.72
3105,75.87,8.72
3106,100.15,8.72
3108,100.15,8.72
3110,100.15,8.72
3111,117.39,8.72
3114,117.39,8.72
3115,117.39,8.72
3117,130.41,8.72
3119,130.41,8.72
3120,130.41,8.72
3122,262.03,8.72
3124,262.03,8.72
3125,262.03,8.72
3127,262.03,8.72
3129,262.03,8.72
3130,262.03,8.72
3133,262.03,8.72
3134,262.03,8.72
3136,262.03,8.72
3138,262.03,8.72
3139,262.03,8.72
3141,262.73,8.72
3144,262.73,8.72
3145,262.73,8.72
3147,264.49,8.72
3149,264.49,8.72
3150,264.49,8.72
3153,266.25,8.72
3154,266.25,8.72
3155,266.25,8.72
3158,268.01,8.72
3159,268.01,8.72
3161,268.01,8.72
3163,270.12,8.72
3164,270.12,8.72
3166,270.12,8.72
3168,271.88,8.72
3169,271.88,8.72
3171,273.99,8.72
3173,273.99,8.72
3175,273.99,8.72
3177,275.75,8.72
3178,275.75,8.72
3180,275.75,8.72
3182,277.87,8.72
3183,277.87,8.72
3185,277.87,8.72
3188,279.98,8.72
3190,279.98,8.72
3191,279.98,8.72
3193,282.09,8.72
3195,282.09,8.72
3196,284.20,8.72
3198,284.20,8.72
3200,284.20,8.72
3201,286.31,8.72
3204,286.31,8.72
3205,286.31,8.72
3207,288.42,8.72
3209,288.42,8.72
3210,288.42,8.72
3212,290.53,8.72
3214,290.53,8.72
3215,290.53,8.72
3218,293.00,8.72
3219,293.00,8.72
3221,293.00,8.72
3223,295.11,8.72
3224,295.11,8.72
3226,297.57,8.72
3228,297.57,8.72
3230,297.57,8.72
3232,299.68,8.72
3234,299.68,8.72
3235,299.68,8.72
3238,302.15,8.72
3239,302.15,8.72
3241,302.15,8.72
3243,304.61,8.72
3244,304.61,8.72
3246,304.61,8.72
3248,306.72,8.72
3249,306.72,8.72
3251,309.19,8.72
3253,309.19,8.72
3255,309.19,8.72
3256,311.65,8.72
3258,311.65,8.72
3260,311.65,8.72
3262,314.11,8.72
3263,314.11,8.72
3265,314.11,8.72
3267,316.58,8.72
3269,316.58,8.72
3270,316.58,8.72
3273,318.69,8.72
3275,318.69,8.72
3276,318.69,8.72
3278,321.50,8.72
3280,321.50,8.72
3281,323.97,8.72
3283,323.97,8.72
3285,323.97,8.72
3286,326.08,8.72
3289,326.08,8.72
3290,326.08,8.72
3292,328.54,8.72
3294,328.54,8.72
3295,328.54,8.72
3297,331.01,8.72
3299,331.01,8.72
3300,331.01,8.72
3303,333.47,8.72
3304,333.47,8.72
3306,333.47,8.72
3308,336.28,8.72
3309,336.28,8.72
3311,338.75,8.72
3313,338.75,8.72
3315,338.75,8.72
3318,340.86,8.72
3319,340.86,8.72
3321,340.86,8.72
3323,343.32,8.72
3324,343.32,8.72
3326,343.32,8.72
3328,345.79,8.72
3329,345.79,8.72
3331,345.79,8.72
3333,347.90,8.72
3334,347.90,8.72
3336,-9.65,8.72
3338,-9.65,8.72
3339,-9.65,8.72
3341,-7.18,8.72
3343,-7.18,8.72
3344,-7.18,8.72
3346,-5.07,8.72
3348,-5.07,8.72
3349,-5.07,8.72
3351,-2.61,8.72
3353,-2.61,8.94
3354,-2.61,8.94
3356,-0.15,8.94
3359,-0.15,8.94
3360,-0.15,8.94
3361,2.32,8.94
3363,2.32,8.94
3365,2.32,8.94
3366,2.32,8.94
3368,4.78,8.94
3369,4.78,8.94
3371,4.78,8.94
3373,7.24,8.94
3374,7.24,8.94
3375,7.24,8.94
3377,9.36,8.94
3379,9.36,8.94
3380,9.36,8.94
3382,11.47,8.94
3383,11.47,8.94
3385,11.47,8.94
3387,13.93,8.94
3388,13.93,8.94
3390,13.93,8.94
3392,15.69,8.94
3393,15.69,8.94
3395,15.69,8.94
3397,17.80,8.94
3398,17.80,8.94
3401,17.80,8.94
3403,19.91,8.94
3404,19.91,8.94
3405,19.91,8.94
3408,22.02,8.94
3409,22.02,8.94
3410,22.02,8.94
3412,23.78,8.94
3414,23.78,8.94
3415,23.78,8.94
3417,25.54,8.94
3419,25.54,8.94
3420,25.54,8.94
3422,27.65,8.94
3424,27.65,8.94
3425,27.65,8.94
3427,29.41,8.94
3429,29.41,8.94
3430,29.41,8.94
3432,31.17,8.94
3433,31.17,8.94
3435,31.17,8.94
3437,32.58,8.94
3438,32.58,8.94
3440,32.58,8.94
3443,34.34,8.94
3444,34.34,8.94
3446,34.34,8.94
3448,35.75,8.94
3449,35.75,8.94
3451,35.75,8.94
3453,37.51,8.94
3454,37.51,8.94
3455,37.51,8.94
3458,38.92,8.94
3459,38.92,8.94
3460,38.92,8.94
3462,40.32,8.94
3464,40.32,8.94
3465,40.32,8.94
3467,41.73,8.94
3469,41.73,8.94
3470,41.73,8.94
3472,43.14,8.94
3474,43.14,8.94
3475,43.14,8.94
3477,44.55,8.94
3479,44.55,8.94
3480,44.55,8.94
3482,45.95,8.94
3483,45.95,8.94
3486,45.95,8.94
3488,47.36,8.94
3489,47.36,8.94
3491,47.36,8.94
3493,48.42,8.94
3494,48.42,8.94
3496,48.42,8.94
3498,49.83,8.94
3499,49.83,8.94
3501,49.83,8.94
3503,50.88,8.94
3504,50.88,8.94
3505,50.88,8.94
3508,51.94,8.94
3509,51.94,8.94
3510,51.94,8.94
3512,52.99,8.94
3514,52.99,8.94
3515,52.99,8.94
3517,54.05,8.94
3519,54.05,8.94
3520,54.05,8.94
3522,55.10,8.94
3524,55.10,8.94
3525,55.10,8.94
3528,55.81,8.94
3530,55.81,8.94
3531,55.81,8.94
3533,56.86,8.94
3534,56.86,8.94
3536,56.86,8.94
3538,57.57,8.94
3539,57.57,8.94
3541,57.57,8.94
3543,58.62,8.94
3544,58.62,8.94
3546,58.62,8.94
3548,59.33,8.94
3549,59.33,8.94
3551,59.33,8.94
3553,60.03,8.94
3554,60.03,8.94
3555,60.03,8.94
3558,60.73,8.94
3559,60.73,8.94
3560,60.73,8.94
3562,61.44,8.94
3564,61.44,8.94
3565,61.44,8.94
3567,62.14,8.94
3569,62.14,8.94
3571,62.14,8.94
3573,62.85,8.94
3575,62.85,8.94
3576,62.85,8.94
3578,63.20,8.94
3580,63.20,8.94
3581,63.20,8.94
3583,63.90,8.94
3584,63.90,8.94
3586,63.90,8.94
3588,64.25,8.94
3589,64.25,8.94
3591,64.25,8.94
3593,64.96,8.94
3594,64.96,8.94
3596,64.96,8.94
3598,65.31,8.94
3599,65.31,8.94
3601,65.31,8.94
3603,65.66,8.94
3604,65.66,8.94
3605,65.66,8.94
3608,66.01,8.94
3609,66.01,8.94
3610,66.01,8.94
3612,66.37,8.94
3615,66.37,8.94
3616,66.37,8.94
3618,66.72,8.94
3620,66.72,8.94
3621,66.72,8.94
3623,66.72,8.94
3625,66.72,8.94
3626,66.72,8.94
3628,67.07,8.94
3629,67.07,8.94
3631,67.07,8.94
3633,67.42,8.94
3634,67.42,8.94
3636,67.42,8.94
3638,67.42,8.94
3639,67.42,8.94
3641,67.42,8.94
3643,67.42,8.94
3644,67.42,8.94
3646,67.42,8.94
3648,67.77,8.94
3649,67.77,8.94
3650,67.77,8.94
3652,67.77,8.94
3654,67.77,8.94
3656,67.77,8.94
3658,67.77,8.94
3660,67.77,8.94
3661,67.77,8.94
3663,67.77,8.94
3664,67.77,8.94
3666,67.77,8.94
3668,67.77,8.94
3669,67.77,8.94
3671,67.77,8.94
3673,67.42,8.94
3674,67.42,8.94
3676,67.42,8.94
3678,67.42,8.94
3679,67.42,8.94
3681,67.42,8.94
3683,67.07,8.94
3684,67.07,8.94
3685,67.07,8.94
3687,67.07,8.94
3689,67.07,8.94
3690,67.07,8.94
3692,66.72,8.94
3694,66.72,8.94
3695,66.72,8.94
3697,66.72,8.94
3700,66.72,8.94
3701,66.72,8.94
3703,66.37,8.94
3704,66.37,8.94
3706,66.37,8.94
3708,66.01,8.94
3709,66.01,8.94
3711,66.01,8.94
3713,65.66,8.94
3714,65.66,8.94
3716,65.66,8.94
3718,65.31,8.94
3719,65.31,8.94
3721,65.31,8.94
3723,64.96,8.94
3724,64.96,8.94
3725,64.96,8.94
3728,64.25,8.94
3729,64.25,8.94
3730,64.25,8.94
3732,63.90,8.94
3734,63.90,8.94
3735,63.90,8.94
3737,63.20,8.94
3739,63.20,8.94
3740,63.20,8.94
3743,62.49,8.94
3745,62.49,8.94
3746,62.49,8.94
3748,62.14,8.94
3750,62.14,8.94
3751,62.14,8.94
3753,61.44,8.94
3754,61.44,8.94
3756,61.44,8.94
3758,60.73,8.94
3759,60.73,8.94
3761,60.73,8.94
3763,60.03,8.94
3764,60.03,8.94
3766,60.03,8.94
3768,59.33,8.94
3769,59.33,8.94
3771,59.33,8.94
3773,58.62,8.94
3774,58.62,8.94
3775,58.62,8.94
3778,57.57,8.94
3779,57.57,8.94
3780,57.57,8.94
3782,56.86,8.94
3785,56.86,8.94
3786,56.86,8.94
3788,55.81,8.94
3790,55.81,8.94
3791,55.81,8.94
3793,54.75,8.94
3795,54.75,8.94
3796,54.75,8.94
3798,54.05,8.94
3800,54.05,8.94
3801,54.05,8.94
3803,52.99,8.94
3804,52.99,8.94
3806,52.99,8.94
3808,51.94,8.94
3809,51.94,8.94
3811,51.94,8.94
3813,50.53,8.94
3814,50.53,8.94
3816,50.53,8.94
3818,49.47,8.94
3819,49.47,8.94
3821,49.47,8.94
3823,48.42,8.94
3824,48.42,8.94
3825,48.42,8.94
3829,47.01,8.94
3830,47.01,8.94
3831,47.01,8.94
3833,45.95,8.94
3835,45.95,8.94
3836,45.95,8.94
3838,44.55,8.94
3840,44.55,8.94
3841,44.55,8.94
3843,43.14,8.94
3845,43.14,8.94
3846,41.73,8.94
3848,41.73,8.94
3850,41.73,8.94
3851,40.32,8.94
3853,40.32,8.94
3854,40.32,8.94
3856,38.92,8.94
3858,38.92,8.94
3859,38.92,8.94
3861,37.51,8.94
3863,37.51,8.94
3864,37.51,8.94
3866,35.75,8.94
3868,35.75,8.94
3870,35.75,8.94
3872,34.34,8.94
3874,34.34,8.94
3875,34.34,8.94
3876,32.58,8.94
3879,32.58,8.94
3880,32.58,8.94
3881,31.17,8.94
3883,31.17,8.94
3885,31.17,8.94
3886,29.41,8.94
3888,29.41,8.94
3890,29.41,8.94
3891,27.65,8.94
3893,27.65,8.94
3895,27.65,8.94
3896,25.54,8.94
3898,25.54,8.94
3900,25.54,8.94
3901,23.78,8.94
3903,23.78,8.94
3904,23.78,8.94
3906,22.02,8.94
3908,22.02,8.94
3909,22.02,8.94
3912,19.91,8.94
3914,19.91,8.94
3915,19.91,8.94
3917,18.15,8.94
3919,18.15,8.94
3920,18.15,8.94
3922,16.04,8.94
3924,16.04,8.94
3925,16.04,8.94
3926,14.28,8.94
3929,14.28,8.94
3930,14.28,8.94
3931,12.17,8.94
3933,12.17,8.94
3935,12.17,8.94
3936,9.71,8.94
3938,9.71,8.94
3939,9.71,8.94
3941,9.71,8.94
3943,7.60,8.94
3944,7.60,8.94
3946,7.60,8.94
3947,5.48,8.94
3949,5.48,8.94
3950,5.48,8.94
3952,3.37,8.94
3953,3.37,8.94
3956,3.37,8.94
3958,1.26,8.94
3959,1.26,8.94
3960,1.26,8.94
3962,-1.20,8.94
3964,-1.20,8.94
3965,-1.20,8.94
3967,-3.31,8.94
3969,-3.31,8.94
3970,-3.31,8.94
3972,-5.78,8.94
3974,-5.78,8.94
3975,-5.78,8.94
3977,-7.89,8.94
3979,-7.89,8.94
3980,-7.89,8.94
3982,349.66,8.94
3983,349.66,8.94
3985,349.66,8.94
3987,347.19,8.94
3989,347.19,8.94
3990,347.19,8.94
3992,344.73,8.94
3994,344.73,8.94
3995,344.73,8.94
3998,342.62,8.94
4000,342.62,8.94
4001,340.15,8.94
4004,340.15,8.94
4005,340.15,8.94
4007,337.69,8.94
4009,337.69,8.94
4010,337.69,8.94
4012,335.23,8.94
4014,335.23,8.94
4015,335.23,8.94
4018,332.76,8.94
4019,332.76,8.94
4021,332.76,8.94
4023,330.30,8.94
4024,330.30,8.94
4026,330.30,8.94
4028,327.84,8.94
4029,327.84,8.94
4031,325.37,8.94
4033,325.37,8.94
4034,325.37,8.94
4036,322.91,8.94
4038,322.91,8.94
4041,322.91,8.94
4043,320.45,8.94
4044,320.45,8.94
4046,320.45,8.94
4048,318.34,8.94
4049,318.34,8.94
4051,318.34,8.94
4053,315.87,8.94
4055,315.87,8.94
4056,315.87,8.94
4058,313.41,8.94
4060,313.41,8.94
4061,310.95,8.94
4063,310.95,8.94
4065,310.95,8.94
4066,308.48,8.94
4069,308.48,8.94
4070,308.48,8.94
4072,306.37,8.94
4074,306.37,8.94
4075,306.37,8.94
4077,303.91,8.94
4079,303.91,8.94
4080,303.91,8.94
4083,301.44,8.94
4085,301.44,8.94
4086,301.44,8.94
4089,299.33,8.94
4090,299.33,8.94
4092,296.87,8.94
4094,296.87,8.94
4095,296.87,8.94
4097,294.76,8.94
4099,294.76,8.94
4100,294.76,8.94
4103,292.65,8.94
4104,292.65,8.94
4106,292.65,8.94
4108,290.53,8.94
4109,290.53,8.94
4111,290.53,8.94
4113,288.07,8.94
4114,288.07,8.94
4116,285.96,8.94
4118,285.96,8.94
4120,285.96,8.94
4121,283.85,8.94
4123,283.85,8.94
4126,283.85,8.94
4128,282.09,8.94
4129,282.09,8.94
4131,282.09,8.94
4133,279.98,8.94
4134,279.98,8.94
4136,279.98,8.94
4138,277.87,8.94
4140,277.87,8.94
4141,277.87,8.94
4143,276.11,8.94
4145,276.11,8.94
4146,273.99,8.94
4148,273.99,8.94
4150,273.99,8.94
4152,272.24,8.94
4154,272.24,8.94
4155,272.24,8.94
4157,270.48,8.94
4159,270.48,8.94
4160,270.48,8.94
4162,268.72,8.94
4164,268.72,8.94
4165,268.72,8.94
4169,266.96,8.94
4170,266.96,8.94
4172,265.20,8.94
4174,265.20,8.94
4175,265.20,8.94
4177,263.44,8.94
4179,263.44,8.94
4180,263.44,8.94
4182,262.03,8.94
4184,262.03,8.94
4185,262.03,8.94
4188,262.03,8.94
4189,262.03,8.94
4191,262.03,8.94
4193,262.03,8.94
4194,262.03,8.94
4196,262.03,8.94
4198,262.03,8.94
4199,262.03,8.94
4201,262.03,8.94
4203,262.03,8.94
4204,262.03,8.94
4206,174.76,8.94
4208,174.76,7.85
4209,174.76,7.85
4212,47.36,7.85
4214,47.36,7.85
4215,47.36,6.75
4218,76.92,5.65
4219,76.92,5.65
4221,76.92,5.65
4223,101.20,5.65
4224,101.20,5.65
4226,101.20,5.65
4228,119.15,5.65
4229,119.15,5.65
4231,119.15,5.65
4233,130.41,5.65
4234,130.41,5.65
4236,130.41,5.65
4238,138.51,5.65
4239,138.51,5.65
4241,138.51,5.65
4243,144.84,5.22
4245,144.84,5.22
4246,43.84,5.22
4248,43.84,5.22
4250,43.84,5.22
4252,71.29,3.03
4254,71.29,3.03
4255,71.29,3.03
4257,94.17,3.03
4259,94.17,3.03
4260,94.17,3.03
4262,111.06,3.03
4264,111.06,3.03
4265,111.06,3.03
4268,123.02,3.03
4269,123.02,3.03
4271,123.02,3.03
4273,131.82,3.03
4274,131.82,3.03
4276,131.82,3.03
4278,138.16,3.03
4279,138.16,3.03
4281,138.16,3.03
4283,143.08,3.03
4284,143.08,3.03
4286,146.60,3.03
4288,146.60,2.37
4290,146.60,2.37
4291,39.62,2.37
4293,39.62,2.37
4296,39.62,2.37
4298,66.37,1.06
4299,66.37,1.06
4301,66.37,1.06
4302,88.89,1.06
4304,88.89,1.06
4306,88.89,1.06
4307,105.43,1.06
4309,105.43,1.06
4311,105.43,1.06
4313,117.39,1.06
4314,117.39,1.06
4316,117.39,1.06
4318,126.19,1.06
4319,126.19,1.06
4321,126.19,1.06
4323,132.88,1.06
4325,132.88,1.06
4326,132.88,1.06
4328,137.80,1.06
4330,137.80,1.06
4331,141.68,1.06
4333,141.68,1.06
4335,141.68,1.06
4337,144.49,1.06
4339,144.49,0.40
4341,144.49,0.40
4343,37.16,0.40
4345,37.16,0.40
4346,37.16,-1.79
4348,63.20,-1.79
4350,63.20,-1.79
4351,63.20,-1.79
4353,85.72,-1.79
4355,85.72,-1.79
4356,85.72,-1.79
4359,102.26,-1.79
4360,102.26,-1.79
4362,114.23,-1.79
4364,114.23,-1.79
4365,114.23,-1.79
4368,123.38,-1.79
4369,123.38,-1.79
4371,123.38,-1.79
4373,130.41,-1.79
4375,130.41,-1.79
4376,135.69,-1.79
4379,135.69,-1.79
4380,135.69,-1.79
4383,139.56,-1.79
4385,139.56,-1.79
4387,139.56,-1.79
4389,142.73,-1.79
4390,142.73,-1.79
4392,145.19,-1.79
4394,145.19,-2.01
4396,145.19,-2.01
4398,36.45,-2.01
4400,36.45,-2.01
4401,36.45,-5.29
4403,63.20,-5.29
4405,63.20,-5.29
4406,63.20,-5.29
4408,85.72,-5.29
4410,85.72,-5.29
4411,102.61,-5.29
4414,102.61,-5.29
4415,102.61,-5.29
4417,114.93,-5.29
4419,114.93,-5.29
4421,114.93,-5.29
4424,124.08,-5.29
4425,124.08,-5.29
4427,131.47,-5.29
4429,131.47,-5.29
4431,131.47,-5.29
4433,137.10,-5.29
4435,137.10,-5.29
4436,137.10,-5.29
4438,141.32,-5.29
4440,141.32,-5.29
4442,144.84,-5.29
4444,144.84,-5.73
4445,144.84,-5.73
4448,37.51,-5.73
4449,37.51,-5.73
4451,37.51,-8.80
4453,64.96,-8.80
4454,64.96,-8.80
4456,64.96,-8.80
4458,88.18,-8.80
4459,88.18,-8.80
4461,88.18,-8.80
4463,105.43,-8.80
4465,105.43,-8.80
4467,118.10,-8.80
4469,118.10,-8.80
4471,118.10,-8.80
4473,127.95,-8.80
4475,127.95,-8.80
4476,127.95,-8.80
4479,135.69,-8.80
4480,135.69,-8.80
4482,141.68,-8.80
4484,141.68,-8.80
4486,141.68,-8.80
4488,146.60,-8.80
4489,146.60,-9.02
4491,146.60,-9.02
4493,40.32,-9.02
4495,40.32,-9.02
4496,67.77,-9.02
4498,67.77,-9.02
4500,67.77,-9.02
4501,92.06,-9.02
4504,92.06,-9.02
4505,92.06,-9.02
4507,110.00,-9.02
4510,110.00,-9.02
4511,110.00,-9.02
4514,123.38,-9.02
4515,123.38,-9.02
4517,123.38,-9.02
4519,133.93,-9.02
4521,133.93,-9.02
4523,142.03,-9.02
4524,142.03,-9.02
4526,142.03,-9.02
4528,148.71,-9.02
4530,148.71,-9.89
4531,148.71,-9.89
4534,44.55,-9.89
4535,44.55,-9.89
4538,73.40,-11.86
4539,73.40,-11.86
4540,73.40,-11.86
4543,98.74,-11.86
4544,98.74,-11.86
4546,98.74,-11.86
4548,118.10,-11.86
4550,118.10,-11.86
4553,131.47,-11.86
4555,131.47,-11.86
4556,131.47,-11.86
4559,141.32,-11.86
4560,141.32,-11.86
4562,149.07,-11.86
4564,149.07,-12.52
4566,149.07,-12.52
4568,47.36,-12.52
4570,47.36,-12.52
4572,77.63,-13.62
4574,77.63,-13.62
4575,77.63,-13.62
4578,262.03,-13.62
4579,262.03,-13.62
4581,262.03,-13.62
4583,262.03,-13.62
4585,262.03,-13.62
4587,262.03,-13.62
4589,262.03,-13.62
4590,262.03,-13.62
4593,262.03,-13.62
4595,262.03,-13.62
4597,263.09,-13.62
4599,263.09,-13.62
4601,263.09,-13.62
4603,264.49,-13.62
4605,264.49,-13.62
4607,266.25,-13.62
4609,266.25,-13.62
4611,266.25,-13.62
4613,268.01,-13.62
4615,268.01,-13.62
4616,268.01,-13.62
4619,269.77,-13.62
4620,269.77,-13.62
4623,271.53,-13.62
4624,271.53,-13.62
4626,271.53,-13.62
4628,273.29,-13.62
4630,273.29,-13.62
4632,275.40,-13.62
4634,275.40,-13.62
4636,275.40,-13.62
4639,277.16,-13.62
4641,277.16,-13.62
4642,279.27,-13.62
4645,279.27,-13.62
4646,279.27,-13.62
4649,281.03,-13.62
4650,281.03,-13.62
4652,283.14,-13.62
4654,283.14,-13.62
4656,283.14,-13.62
4658,285.26,-13.62
4660,285.26,-13.62
4662,287.37,-13.62
4664,287.37,-13.62
4666,287.37,-13.62
4668,289.48,-13.62
4670,289.48,-13.62
4671,291.59,-13.62
4674,291.59,-13.62
4675,291.59,-13.62
4678,293.70,-13.62
4680,293.70,-13.62
4682,293.70,-13.62
4684,296.17,-13.62
4686,296.17,-13.62
4688,298.28,-13.62
4690,298.28,-13.62
4691,298.28,-13.62
4694,300.39,-13.62
4696,300.39,-13.62
4698,302.85,-13.62
4699,302.85,-13.62
4701,302.85,-13.62
4703,305.32,-13.62
4705,305.32,-13.62
4707,307.43,-13.62
4709,307.43,-13.62
4711,307.43,-13.62
4713,309.89,-13.62
4715,309.89,-13.62
4716,312.35,-13.62
4719,312.35,-13.62
4720,312.35,-13.62
4724,314.47,-13.62
4725,314.47,-13.62
4727,316.93,-13.62
4729,316.93,-13.62
4731,316.93,-13.62
4733,319.39,-13.62
4735,319.39,-13.62
4737,319.39,-13.62
4739,321.86,-13.62
4741,321.86,-13.62
4743,323.97,-13.62
4745,323.97,-13.62
4746,323.97,-13.62
4749,326.43,-13.62
4750,326.43,-13.62
4753,328.89,-13.62
4754,328.89,-13.62
4756,328.89,-13.62
4758,331.36,-13.62
4760,331.36,-13.62
4762,333.82,-13.62
4764,333.82,-13.62
4767,333.82,-13.62
4769,336.28,-13.62
4771,336.28,-13.62
4772,338.75,-13.62
4775,338.75,-13.62
4776,338.75,-13.62
4779,340.86,-13.62
4780,340.86,-13.62
4782,343.32,-13.62
4784,343.32,-13.62
4786,343.32,-13.62
4788,345.79,-13.62
4790,345.79,-13.62
4791,347.90,-13.62
4794,347.90,-13.62
4796,347.90,-13.62
4798,-9.65,-13.62
4799,-9.65,-13.62
4801,-9.65,-13.62
4803,-7.54,-13.62
4805,-7.54,-13.62
4806,-5.07,-13.62
4810,-5.07,-13.62
4811,-5.07,-13.62
4813,-2.96,-13.62
4815,-2.96,-13.62
4817,-2.96,-13.62
4819,-0.85,-13.62
4820,-0.85,-13.62
4822,1.61,-13.62
4824,1.61,-13.62
4826,1.61,-13.62
4828,3.72,-13.62
4829,3.72,-13.62
4831,3.72,-13.62
4833,5.84,-13.62
4834,5.84,-13.62
4836,5.84,-13.62
4838,7.60,-13.62
4840,7.60,-13.62
4841,7.60,-13.62
4843,9.71,-13.62
4845,9.71,-13.62
4846,11.82,-13.62
4848,11.82,-13.62
4851,11.82,-13.62
4853,13.93,-13.62
4855,13.93,-13.62
4856,13.93,-13.62
4859,15.69,-13.62
4860,15.69,-13.62
4862,17.80,-13.62
4864,17.80,-13.62
4866,17.80,-13.62
4868,19.56,-13.62
4870,19.56,-13.62
4871,19.56,-13.62
4873,21.32,-13.62
4875,21.32,-13.62
4876,23.08,-13.62
4879,23.08,-13.62
4880,23.08,-13.62
4883,24.84,-13.62
4884,24.84,-13.62
4886,24.84,-13.62
4888,26.60,-13.62
4889,26.60,-13.62
4891,26.60,-13.62
4894,28.36,-13.62
4896,28.36,-13.62
4898,30.12,-13.62
4900,30.12,-13.62
4901,30.12,-13.62
4904,31.53,-13.62
4905,31.53,-13.62
4907,31.53,-13.62
4909,33.29,-13.62
4911,33.29,-13.62
4913,34.69,-13.62
4914,34.69,-13.62
4916,34.69,-13.62
4918,36.10,-13.62
4920,36.10,-13.62
4921,36.10,-13.62
4924,37.51,-13.62
4925,37.51,-13.62
4927,38.92,-13.62
4929,38.92,-13.62
4931,38.92,-13.62
4933,40.32,-13.62
4934,40.32,-13.62
4937,40.32,-13.62
4939,41.38,-13.62
4941,41.38,-13.62
4942,42.79,-13.62
4945,42.79,-13.62
4946,42.79,-13.62
4948,43.84,-13.62
4950,43.84,-13.62
4952,43.84,-13.62
4954,45.25,-13.62
4955,45.25,-13.62
4957,46.31,-13.62
4959,46.31,-13.62
4961,46.31,-13.62
4963,47.36,-13.62
4965,47.36,-13.62
4966,47.36,-13.62
4968,48.42,-13.62
4970,48.42,-13.62
4972,49.47,-13.62
4974,49.47,-13.62
4975,49.47,-13.62
4979,50.53,-13.62
4980,50.53,-13.62
4982,50.53,-13.62
4984,51.23,-13.62
4986,51.23,-13.62
4987,52.29,-13.62
4989,52.29,-13.62
4991,52.29,-13.62
4993,52.99,-13.62
4995,52.99,-13.62
4996,52.99,-13.62
4999,54.05,-13.62
5000,54.05,-13.62
5002,54.40,-13.62
5004,54.40,-13.62
5006,54.40,-13.62
5008,55.46,-13.62
5009,55.46,-13.62
5011,55.46,-13.62
5013,55.81,-13.62
5015,55.81,-13.62
5016,56.51,-13.62
5019,56.51,-13.62
5020,56.51,-13.62
5024,57.22,-13.62
5025,57.22,-13.62
5027,57.22,-13.62
5029,57.92,-13.62
5030,57.92,-13.62
5032,58.27,-13.62
5034,58.27,-13.62
5036,58.27,-13.62
5038,58.98,-13.62
5040,58.98,-13.62
5041,58.98,-13.62
5044,59.33,-13.62
5045,59.33,-13.62
5047,59.68,-13.62
5049,59.68,-13.62
5051,59.68,-13.62
5053,60.03,-13.62
5054,60.03,-13.62
5056,60.03,-13.62
5058,60.38,-13.62
5060,60.38,-13.62
5061,60.73,-13.62
5064,60.73,-13.62
5066,60.73,-13.62
5068,61.09,-13.62
5070,61.09,-13.62
5072,61.09,-13.62
5074,61.09,-13.62
5075,61.09,-13.62
5077,61.44,-13.62
5079,61.44,-13.62
5081,61.44,-13.62
5083,61.44,-13.62
5084,61.44,-13.62
5086,61.44,-13.62
5088,61.79,-13.62
5090,61.79,-13.62
5091,61.79,-13.62
5094,61.79,-13.62
5095,61.79,-13.62
5097,61.79,-13.62
5099,61.79,-13.62
5101,61.79,-13.62
5103,61.79,-13.62
5104,61.79,-13.62
5107,61.79,-13.62
5109,61.79,-13.62
5111,61.79,-13.62
5112,61.79,-13.62
5114,61.79,-13.62
5116,61.79,-13.62
5118,61.44,-13.62
5120,61.44,-13.62
5121,61.44,-13.62
5123,61.44,-13.62
5125,61.44,-13.62
5127,61.44,-13.62
5129,61.44,-13.62
5130,61.44,-13.62
5133,61.09,-13.62
5134,61.09,-13.62
5136,61.09,-13.62
5138,60.73,-13.62
5139,60.73,-13.62
5141,60.73,-13.62
5143,60.38,-13.62
5145,60.38,-13.62
5147,60.03,-13.62
5150,60.03,-13.62
5151,60.03,-13.62
5154,59.68,-13.62
5155,59.68,-13.62
5157,59.68,-13.62
5159,59.33,-13.62
5161,59.33,-13.62
5162,58.98,-13.62
5164,58.98,-13.62
5166,58.98,-13.62
5168,58.62,-13.62
5170,58.62,-13.62
5171,58.62,-13.62
5174,57.92,-13.62
5175,57.92,-13.62
5177,57.57,-13.62
5179,57.57,-13.62
5181,57.57,-13.62
5183,56.86,-13.62
5184,56.86,-13.62
5186,56.86,-13.62
5188,56.16,-13.62
5190,56.16,-13.62
5192,55.46,-13.62
5195,55.46,-13.62
5196,55.46,-13.62
5198,54.75,-13.62
5200,54.75,-13.62
5202,54.75,-13.62
5204,54.05,-13.62
5205,54.05,-13.62
5207,53.34,-13.62
5209,53.34,-13.62
5211,53.34,-13.62
5213,52.29,-13.62
5215,52.29,-13.62
5216,52.29,-13.62
5219,51.59,-13.62
5220,51.59,-13.62
5222,50.53,-13.62
5224,50.53,-13.62
5225,50.53,-13.62
5228,49.83,-13.62
5229,49.83,-13.62
5231,49.83,-13.62
5233,48.77,-13.62
5236,48.77,-13.62
5237,47.71,-13.62
5239,47.71,-13.62
5241,47.71,-13.62
5243,46.66,-13.62
5245,46.66,-13.62
5247,46.66,-13.62
5249,45.60,-13.62
5250,45.60,-13.62
5252,44.19,-13.62
5254,44.19,-13.62
5256,44.19,-13.62
5258,43.14,-13.62
5259,43.14,-13.62
5261,43.14,-13.62
5263,41.73,-13.62
5265,41.73,-13.62
5266,40.68,-13.62
5269,40.68,-13.62
5270,40.68,-13.62
5273,39.27,-13.62
5274,39.27,-13.62
5276,39.27,-13.62
5279,37.86,-13.62
5280,37.86,-13.62
5282,36.45,-13.62
5284,36.45,-13.62
5286,36.45,-13.62
5288,35.05,-13.62
5290,35.05,-13.62
5291,35.05,-13.62
5294,33.64,-13.62
5295,33.64,-13.62
5297,33.64,-13.62
5299,32.23,-13.62
5300,32.23,-13.62
5303,30.82,-13.62
5304,30.82,-13.62
5306,30.82,-13.62
5308,29.06,-13.62
5310,29.06,-13.62
5311,29.06,-13.62
5313,27.30,-13.62
5315,27.30,-13.62
5317,25.54,-13.62
5320,25.54,-13.62
5322,25.54,-13.62
5324,23.78,-13.62
5325,23.78,-13.62
5327,23.78,-13.62
5329,22.02,-13.62
5331,22.02,-13.62
5332,20.26,-13.62
5334,20.26,-13.62
5336,20.26,-13.62
5338,18.51,-13.62
5340,18.51,-13.62
5341,18.51,-13.62
5344,16.75,-13.62
5345,16.75,-13.62
5347,14.63,-13.62
5349,14.63,-13.62
5351,14.63,-13.62
5353,12.87,-13.62
5355,12.87,-13.62
5356,12.87,-13.62
5358,10.76,-13.62
5360,10.76,-13.62
5361,8.65,-13.62
5365,8.65,-13.62
5366,8.65,-13.62
5368,6.89,-13.62
5370,6.89,-13.62
5371,6.89,-13.62
5373,4.78,-13.62
5375,4.78,-13.62
5376,4.78,-13.62
5379,2.32,-13.62
5380,2.32,-13.62
5382,2.32,-13.62
5384,0.21,-13.62
5385,0.21,-13.62
5387,-1.91,-13.62
5389,-1.91,-13.62
5391,-1.91,-13.62
5393,-4.02,-13.62
5394,-4.02,-13.62
5396,-4.02,-13.62
5398,-6.48,-13.62
5400,-6.48,-13.62
5401,-8.59,-13.62
5404,-8.59,-13.62
5406,-8.59,-13.62
5408,349.30,-13.62
5410,349.30,-13.62
5412,349.30,-13.62
5414,346.84,-13.62
5416,346.84,-13.62
5418,344.73,-13.62
5420,344.73,-13.62
5421,344.73,-13.62
5424,342.27,-13.62
5425,342.27,-13.62
5427,340.15,-13.62
5429,340.15,-13.62
5431,340.15,-13.62
5433,337.69,-13.62
5435,337.69,-13.62
5437,335.23,-13.62
5439,335.23,-13.62
5441,335.23,-13.62
5443,333.12,-13.62
5445,333.12,-13.62
5446,330.65,-13.62
5450,330.65,-13.62
5451,330.65,-13.62
5454,328.19,-13.62
5455,328.19,-13.62
5457,328.19,-13.62
5459,325.73,-13.62
5461,325.73,-13.62
5463,323.61,-13.62
5465,323.61,-13.62
5467,323.61,-13.62
5469,321.15,-13.62
5471,321.15,-13.62
5473,318.69,-13.62
5475,318.69,-13.62
5476,318.69,-13.62
5479,316.58,-13.62
5480,316.58,-13.62
5483,314.11,-13.62
5484,314.11,-13.62
5486,314.11,-13.62
5488,312.00,-13.62
5491,312.00,-13.62
5492,309.54,-13.62
5495,309.54,-13.62
5497,309.54,-13.62
5499,307.07,-13.62
5500,307.07,-13.62
5502,304.96,-13.62
5504,304.96,-13.62
5506,304.96,-13.62
5508,302.85,-13.62
5510,302.85,-13.62
5512,300.39,-13.62
5514,300.39,-13.62
5516,300.39,-13.62
5518,298.28,-13.62
5520,298.28,-13.62
5521,298.28,-13.62
5524,296.17,-13.62
5525,296.17,-13.62
5528,294.05,-13.62
5529,294.05,-13.62
5531,294.05,-13.62
5534,291.94,-13.62
5536,291.94,-13.62
5538,289.83,-13.62
5540,289.83,-13.62
5542,289.83,-13.62
5544,287.72,-13.62
5546,287.72,-13.62
5548,285.61,-13.62
5550,285.61,-13.62
5551,285.61,-13.62
5554,283.85,-13.62
5555,283.85,-13.62
5557,281.74,-13.62
5559,281.74,-13.62
5561,281.74,-13.62
5563,279.98,-13.62
5565,279.98,-13.62
5567,277.87,-13.62
5569,277.87,-13.62
5571,277.87,-13.62
5573,276.11,-13.62
5576,276.11,-13.62
5577,274.35,-13.62
5580,274.35,-13.62
5581,274.35,-13.62
5583,272.59,-13.62
5585,272.59,-13.62
5587,272.59,-13.62
5589,270.83,-13.62
5591,270.83,-13.62
5593,269.07,-13.62
5595,269.07,-13.62
5597,269.07,-13.62
5599,267.66,-13.62
5600,267.66,-13.62
5603,265.90,-13.62
5604,265.90,-13.62
5606,265.90,-13.62
5608,264.49,-13.62
5610,264.49,-13.62
5612,262.73,-13.62
5614,262.73,-13.62
5616,262.73,-13.62
5619,262.03,-13.62
5621,262.03,-13.62
5622,262.03,-13.62
5625,262.03,-13.62
5626,262.03,-13.62
5629,262.03,-13.62
5630,262.03,-13.62
5632,262.03,-13.62
5634,262.03,-13.62
5636,262.03,-13.62
5638,262.03,-13.62
5640,262.03,-13.62
5641,262.03,-13.62
5644,174.76,-14.71
5645,174.76,-14.71
5648,47.36,-14.71
5649,47.36,-14.71
5651,47.36,-15.37
5653,76.57,-15.37
5655,76.57,-15.37
5656,76.57,-15.37
5658,101.20,-15.37
5660,101.20,-15.37
5663,119.15,-15.37
5665,119.15,-15.37
5667,119.15,-15.37
5669,131.82,-15.37
5671,131.82,-15.37
5673,139.92,-15.37
5675,139.92,-15.37
5676,139.92,-15.37
5679,146.25,-16.03
5680,146.25,-16.03
5682,44.90,-16.03
5684,44.90,-16.03
5686,44.90,-16.46
5689,73.05,-16.46
5690,73.05,-16.46
5691,73.05,-16.46
5694,95.93,-16.46
5695,95.93,-16.46
5697,112.82,-16.46
5699,112.82,-16.46
5701,112.82,-16.46
5704,124.78,-16.46
5706,124.78,-16.46
5707,133.93,-16.46
5710,133.93,-16.46
5711,133.93,-16.46
5714,140.27,-16.46
5715,140.27,-16.46
5717,140.27,-16.46
5719,145.19,-16.46
5721,145.19,-16.46
5723,41.38,-16.46
5725,41.38,-16.46
5727,69.18,-16.46
5729,69.18,-16.46
5730,69.18,-16.46
5732,92.06,-16.46
5734,92.06,-16.46
5736,92.06,-16.46
5738,108.60,-16.46
5740,108.60,-16.46
5741,108.60,-16.46
5744,120.91,-16.46
5745,120.91,-16.46
5749,129.71,-16.46
5750,129.71,-16.46
5752,129.71,-16.46
5754,136.75,-16.46
5756,136.75,-16.46
5758,141.68,-16.46
5760,141.68,-16.46
5762,141.68,-16.46
5764,145.55,-16.90
5766,145.55,-16.90
5767,39.62,-16.90
5770,39.62,-16.90
5771,39.62,-17.56
5774,66.01,-17.56
5775,66.01,-17.56
5777,66.01,-17.56
5779,89.24,-17.56
5780,89.24,-17.56
5782,106.13,-17.56
5784,106.13,-17.56
5786,106.13,-17.56
5788,118.45,-17.56
5791,118.45,-17.56
5793,127.95,-17.56
5795,127.95,-17.56
5797,127.95,-17.56
5799,134.99,-17.56
5801,134.99,-17.56
5802,140.27,-17.56
5805,140.27,-17.56
5806,140.27,-17.56
5809,144.49,-17.56
5810,144.49,-16.68
5812,144.49,-16.68
5814,39.27,-16.68
5816,39.27,-16.68
5819,66.37,-18.22
5820,66.37,-18.22
5821,66.37,-18.22
5824,89.59,-18.22
5825,89.59,-18.22
5827,106.84,-18.22
5829,106.84,-18.22
5832,106.84,-18.22
5834,119.50,-18.22
5836,119.50,-18.22
5837,119.50,-18.22
5840,129.01,-18.22
5841,129.01,-18.22
5844,136.40,-18.22
5845,136.40,-18.22
5847,136.40,-18.22
5849,142.38,-18.22
5851,142.38,-18.22
5853,146.95,-18.22
5855,146.95,-18.87
5857,146.95,-18.87
5859,40.68,-18.87
5860,40.68,-18.87
5863,68.48,-19.31
5864,68.48,-19.31
5866,68.48,-19.31
5868,92.06,-19.31
5870,92.06,-19.31
5871,92.06,-19.31
5875,109.65,-19.31
5876,109.65,-19.31
5878,123.02,-19.31
5880,123.02,-19.31
5882,123.02,-19.31
5884,132.88,-19.31
5886,132.88,-19.31
5888,140.62,-19.31
5890,140.62,-19.31
5891,140.62,-19.31
5894,146.95,-19.31
5896,146.95,-19.53
5897,43.14,-19.53
5899,43.14,-19.53
5901,43.14,-19.09
5904,71.64,-19.09
5905,71.64,-19.09
5906,71.64,-19.09
5909,95.93,-19.09
5910,95.93,-19.09
5912,114.23,-19.09
5914,114.23,-19.09
5916,114.23,-19.09
5919,128.30,-19.09
5921,128.30,-19.09
5922,128.30,-19.09
5925,138.86,-19.09
5926,138.86,-19.09
5929,147.66,-19.09
5930,147.66,-18.22
5932,147.66,-18.22
5934,47.36,-18.22
5936,47.36,-18.22
5939,75.87,-19.09
5940,75.87,-19.09
5941,75.87,-19.09
5944,100.50,-19.09
5945,100.50,-19.09
5947,118.45,-19.09
5949,118.45,-19.09
5951,118.45,-19.09
5953,131.47,-19.09
5955,131.47,-19.09
5957,131.47,-19.09
5960,109.30,-19.09
5962,109.30,-19.09
5964,262.03,-19.09
5966,262.03,-19.09
5967,262.03,-19.09
5970,262.03,-19.09
5971,262.03,-19.09
5974,262.03,-19.09
5975,262.03,-19.09
5977,262.03,-19.09
5979,262.03,-19.09
5981,262.03,-19.09
5982,262.03,-19.09
5985,262.03,-19.09
5986,262.03,-19.09
5989,263.79,-19.09
5990,263.79,-19.09
5992,263.79,-19.09
5994,265.20,-19.09
5996,265.20,-19.09
5998,266.60,-19.09
6000,266.60,-19.09
6003,266.60,-19.09
6005,268.36,-19.09
6007,268.36,-19.09
6009,270.12,-19.09
6010,270.12,-19.09
6012,270.12,-19.09
6014,271.53,-19.09
6016,271.53,-19.09
6019,273.29,-19.09
6020,273.29,-19.09
6022,273.29,-19.09
6024,275.05,-19.09
6026,275.05,-19.09
6027,276.81,-19.09
6030,276.81,-19.09
6031,276.81,-19.09
6034,278.92,-19.09
6035,278.92,-19.09
6037,280.68,-19.09
6039,280.68,-19.09
6041,280.68,-19.09
6043,282.44,-19.09
6046,282.44,-19.09
6048,284.55,-19.09
6050,284.55,-19.09
6052,284.55,-19.09
6054,286.66,-19.09
6056,286.66,-19.09
6057,286.66,-19.09
6060,288.42,-19.09
6061,288.42,-19.09
6064,290.89,-19.09
6065,290.89,-19.09
6067,290.89,-19.09
6069,292.65,-19.09
6071,292.65,-19.09
6073,294.76,-19.09
6075,294.76,-19.09
6077,294.76,-19.09
6079,296.87,-19.09
6081,296.87,-19.09
6083,298.98,-19.09
6085,298.98,-19.09
6086,298.98,-19.09
6090,301.44,-19.09
6091,301.44,-19.09
6093,303.56,-19.09
6095,303.56,-19.09
6097,303.56,-19.09
6099,305.67,-19.09
6101,305.67,-19.09
6103,308.13,-19.09
6105,308.13,-19.09
6107,308.13,-19.09
6109,310.24,-19.09
6110,310.24,-19.09
6112,312.71,-19.09
6114,312.71,-19.09
6116,312.71,-19.09
6119,314.82,-19.09
6120,314.82,-19.09
6122,314.82,-19.09
6124,317.28,-19.09
6126,317.28,-19.09
6128,319.39,-19.09
6131,319.39,-19.09
6132,319.39,-19.09
6135,321.86,-19.09
6136,321.86,-19.09
6139,323.97,-19.09
6140,323.97,-19.09
6142,323.97,-19.09
6144,326.43,-19.09
6146,326.43,-19.09
6148,328.54,-19.09
6150,328.54,-19.09
6152,328.54,-19.09
6154,331.01,-19.09
6156,331.01,-19.09
6157,333.47,-19.09
6160,333.47,-19.09
6161,333.47,-19.09
6164,335.58,-19.09
6165,335.58,-19.09
6167,338.04,-19.09
6169,338.04,-19.09
6171,338.04,-19.09
6174,340.51,-19.09
6176,340.51,-19.09
6178,342.62,-19.09
6180,342.62,-19.09
6182,342.62,-19.09
6184,344.73,-19.09
6186,344.73,-19.09
6187,344.73,-19.09
6190,346.84,-19.09
6191,346.84,-19.09
6194,349.30,-19.09
6195,349.30,-19.09
6197,349.30,-19.09
6199,-8.59,-19.09
6201,-8.59,-19.09
6202,-6.48,-19.09
6205,-6.48,-19.09
6206,-6.48,-19.09
6208,-4.02,-19.09
6210,-4.02,-19.09
6212,-4.02,-19.09
6214,-1.91,-19.09
6216,-1.91,-19.09
6218,0.21,-19.09
6220,0.21,-19.09
6222,0.21,-19.09
6224,2.32,-19.09
6225,2.32,-19.09
6227,2.32,-19.09
6229,4.08,-19.09
6230,4.08,-19.09
6232,4.08,-19.09
6234,6.19,-19.09
6236,6.19,-19.09
6237,6.19,-19.09
6239,8.30,-19.09
6241,8.30,-19.09
6242,10.06,-19.09
6245,10.06,-19.09
6246,10.06,-19.09
6248,12.17,-19.09
6250,12.17,-19.09
6252,12.17,-19.09
6254,13.93,-19.09
6255,13.93,-19.09
6257,16.04,-19.09
6260,16.04,-19.09
6262,16.04,-19.09
6264,17.80,-19.09
6265,17.80,-19.09
6267,17.80,-19.09
6269,19.56,-19.09
6271,19.56,-19.09
6273,21.32,-19.09
6275,21.32,-19.09
6276,21.32,-19.09
6279,22.73,-19.09
6280,22.73,-19.09
6282,22.73,-19.09
6284,24.49,-19.09
6286,24.49,-19.09
6287,26.25,-19.09
6289,26.25,-19.09
6291,26.25,-19.09
6293,27.65,-19.09
6295,27.65,-19.09
6296,27.65,-19.09
6299,29.41,-19.09
6300,29.41,-19.09
6303,30.82,-19.09
6305,30.82,-19.09
6307,30.82,-19.09
6309,32.23,-19.09
6310,32.23,-19.09
6312,32.23,-19.09
6314,33.64,-19.09
6316,33.64,-19.09
6317,33.64,-19.09
6320,35.05,-19.09
6321,35.05,-19.09
6323,36.45,-19.09
6325,36.45,-19.09
6327,36.45,-19.09
6329,37.51,-19.09
6330,37.51,-19.09
6332,37.51,-19.09
6334,38.92,-19.09
6336,38.92,-19.09
6338,39.97,-19.09
6340,39.97,-19.09
6341,39.97,-19.09
6344,41.03,-19.09
6346,41.03,-19.09
6348,41.03,-19.09
6350,42.08,-19.09
6351,42.08,-19.09
6354,43.14,-19.09
6355,43.14,-19.09
6357,43.14,-19.09
6359,44.19,-19.09
6361,44.19,-19.09
6362,44.19,-19.09
6364,45.25,-19.09
6366,45.25,-19.09
6368,46.31,-19.09
6370,46.31,-19.09
6371,46.31,-19.09
6374,47.01,-19.09
6375,47.01,-19.09
6377,47.01,-19.09
6379,48.07,-19.09
6381,48.07,-19.09
6382,48.77,-19.09
6384,48.77,-19.09
6387,48.77,-19.09
6389,49.47,-19.09
6391,49.47,-19.09
6392,49.47,-19.09
6395,50.53,-19.09
6396,50.53,-19.09
6398,51.23,-19.09
6400,51.23,-19.09
6402,51.23,-19.09
6404,51.59,-19.09
6405,51.59,-19.09
6407,51.59,-19.09
6409,52.29,-19.09
6411,52.29,-19.09
6412,52.99,-19.09
6415,52.99,-19.09
6416,52.99,-19.09
6419,53.34,-19.09
6420,53.34,-19.09
6422,53.34,-19.09
6424,54.05,-19.09
6426,54.05,-19.09
6427,54.40,-19.09
6430,54.40,-19.09
6432,54.40,-19.09
6434,54.75,-19.09
6436,54.75,-19.09
6437,54.75,-19.09
6439,55.10,-19.09
6441,55.10,-19.09
6443,55.46,-19.09
6445,55.46,-19.09
6447,55.46,-19.09
6449,55.81,-19.09
6450,55.81,-19.09
6452,55.81,-19.09
6454,56.16,-19.09
6456,56.16,-19.09
6457,56.16,-19.09
6460,56.16,-19.09
6461,56.16,-19.09
6463,56.51,-19.09
6465,56.51,-19.09
6466,56.51,-19.09
6469,56.51,-19.09
6470,56.51,-19.09
6473,56.86,-19.09
6475,56.86,-19.09
6477,56.86,-19.09
6479,56.86,-19.09
6480,56.86,-19.09
6482,56.86,-19.09
6484,56.86,-19.09
6486,56.86,-19.09
6487,56.86,-19.09
6489,56.86,-19.09
6491,56.86,-19.09
6493,56.86,-19.09
6495,56.86,-19.09
6496,56.86,-19.09
6499,56.51,-19.09
6500,56.51,-19.09
6502,56.51,-19.09
6504,56.51,-19.09
6506,56.51,-19.09
6507,56.51,-19.09
6509,56.51,-19.09
6511,56.51,-19.09
6513,56.16,-19.09
6516,56.16,-19.09
6517,56.16,-19.09
6520,55.81,-19.09
6521,55.81,-19.09
6523,55.46,-19.09
6525,55.46,-19.09
6527,55.46,-19.09
6529,55.46,-19.09
6530,55.46,-19.09
6532,55.46,-19.09
6534,54.75,-19.09
6536,54.75,-19.09
6537,54.75,-19.09
6539,54.40,-19.09
6541,54.40,-19.09
6543,54.05,-19.09
6545,54.05,-19.09
6547,54.05,-19.09
6549,53.70,-19.09
6550,53.70,-19.09
6552,53.70,-19.09
6554,52.99,-19.09
6556,52.99,-19.09
6559,52.64,-19.09
6560,52.64,-19.09
6562,52.64,-19.09
6564,51.94,-19.09
6566,51.94,-19.09
6567,51.94,-19.09
6570,51.23,-19.09
6571,51.23,-19.09
6574,50.53,-19.09
6575,50.53,-19.09
6577,50.53,-19.09
6579,49.83,-19.09
6581,49.83,-19.09
6582,49.83,-19.09
6584,49.12,-19.09
6586,49.12,-19.09
6587,48.42,-19.09
6590,48.42,-19.09
6591,48.42,-19.09
6594,47.36,-19.09
6595,47.36,-19.09
6597,47.36,-19.09
6600,46.66,-19.09
6602,46.66,-19.09
6603,45.60,-19.09
6605,45.60,-19.09
6607,45.60,-19.09
6609,44.55,-19.09
6611,44.55,-19.09
6612,44.55,-19.09
6615,43.49,-19.09
6616,43.49,-19.09
6618,42.44,-19.09
6620,42.44,-19.09
6622,42.44,-19.09
6624,41.38,-19.09
6625,41.38,-19.09
6627,41.38,-19.09
6629,40.32,-19.09
6631,40.32,-19.09
6632,39.27,-19.09
6634,39.27,-19.09
6636,39.27,-19.09
6638,37.86,-19.09
6640,37.86,-19.09
6641,37.86,-19.09
6645,36.80,-19.09
6646,36.80,-19.09
6648,35.40,-19.09
6650,35.40,-19.09
6652,35.40,-19.09
6654,33.99,-19.09
6656,33.99,-19.09
6657,33.99,-19.09
6659,32.58,-19.09
6661,32.58,-19.09
6662,31.17,-19.09
6665,31.17,-19.09
6666,31.17,-19.09
6669,29.77,-19.09
6670,29.77,-19.09
6672,29.77,-19.09
6674,28.36,-19.09
6676,28.36,-19.09
6677,26.95,-19.09
6679,26.95,-19.09
6681,26.95,-19.09
6683,25.19,-19.09
6686,25.19,-19.09
6687,25.19,-19.09
6690,23.43,-19.09
6691,23.43,-19.09
6693,22.02,-19.09
6695,22.02,-19.09
6697,22.02,-19.09
6699,20.26,-19.09
6700,20.26,-19.09
6702,20.26,-19.09
6704,18.51,-19.09
6706,18.51,-19.09
6707,16.75,-19.09
6710,16.75,-19.09
6711,16.75,-19.09
6713,14.99,-19.09
6715,14.99,-19.09
6717,14.99,-19.09
6719,12.87,-19.09
6720,12.87,-19.09
6722,11.11,-19.09
6724,11.11,-19.09
6726,11.11,-19.09
6729,9.00,-19.09
6731,9.00,-19.09
6732,9.00,-19.09
6734,7.24,-19.09
6736,7.24,-19.09
6737,7.24,-19.09
6739,5.13,-19.09
6741,5.13,-19.09
6742,5.13,-19.09
6745,3.37,-19.09
6746,3.37,-19.09
6748,1.26,-19.09
6750,1.26,-19.09
6751,1.26,-19.09
6753,-0.85,-19.09
6755,-0.85,-19.09
6756,-0.85,-19.09
6759,-2.96,-19.09
6760,-2.96,-19.09
6762,-2.96,-19.09
6764,-5.07,-19.09
6766,-5.07,-19.09
6767,-7.18,-19.09
6771,-7.18,-19.09
6772,-7.18,-19.09
6774,-9.65,-19.09
6776,-9.65,-19.09
6777,-9.65,-19.09
6780,348.25,-19.09
6781,348.25,-19.09
6784,346.14,-19.09
6785,346.14,-19.09
6787,346.14,-19.09
6789,344.03,-19.09
6791,344.03,-19.09
6793,341.56,-19.09
6795,341.56,-19.09
6797,341.56,-19.09
6799,339.45,-19.09
6801,339.45,-19.09
6802,337.34,-19.09
6805,337.34,-19.09
6806,337.34,-19.09
6809,334.88,-19.09
6810,334.88,-19.09
6812,332.41,-19.09
6815,332.41,-19.09
6817,332.41,-19.09
6819,330.30,-19.09
6821,330.30,-19.09
6823,330.30,-19.09
6825,327.84,-19.09
6827,327.84,-19.09
6829,325.73,-19.09
6831,325.73,-19.09
6832,325.73,-19.09
6834,323.61,-19.09
6836,323.61,-19.09
6838,321.15,-19.09
6840,321.15,-19.09
6842,321.15,-19.09
6844,318.69,-19.09
6846,318.69,-19.09
6848,316.58,-19.09
6850,316.58,-19.09
6851,316.58,-19.09
6854,314.47,-19.09
6856,314.47,-19.09
6858,312.00,-19.09
6860,312.00,-19.09
6862,312.00,-19.09
6864,309.89,-19.09
6866,309.89,-19.09
6868,307.78,-19.09
6870,307.78,-19.09
6872,307.78,-19.09
6874,305.32,-19.09
6876,305.32,-19.09
6877,303.20,-19.09
6880,303.20,-19.09
6881,303.20,-19.09
6884,301.09,-19.09
6885,301.09,-19.09
6887,301.09,-19.09
6889,298.98,-19.09
6891,298.98,-19.09
6893,296.87,-19.09
6895,296.87,-19.09
6897,296.87,-19.09
6900,294.76,-19.09
6902,294.76,-19.09
6904,293.00,-19.09
6906,293.00,-19.09
6907,293.00,-19.09
6910,290.89,-19.09
6911,290.89,-19.09
6913,288.78,-19.09
6915,288.78,-19.09
6917,288.78,-19.09
6919,287.02,-19.09
6921,287.02,-19.09
6923,284.90,-19.09
6925,284.90,-19.09
6927,284.90,-19.09
6929,283.14,-19.09
6931,283.14,-19.09
6932,281.39,-19.09
6935,281.39,-19.09
6936,281.39,-19.09
6938,279.63,-19.09
6940,279.63,-19.09
6943,279.63,-19.09
6945,277.51,-19.09
6947,277.51,-19.09
6949,276.11,-19.09
6951,276.11,-19.09
6952,276.11,-19.09
6955,274.35,-19.09
6956,274.35,-19.09
6959,272.59,-19.09
6960,272.59,-19.09
6962,272.59,-19.09
6964,270.83,-19.09
6966,270.83,-19.09
6969,269.42,-19.09
6970,269.42,-19.09
6972,269.42,-19.09
6974,268.01,-19.09
6976,268.01,-19.09
6977,266.25,-19.09
6980,266.25,-19.09
6981,266.25,-19.09
6985,264.85,-19.09
6986,264.85,-19.09
6988,263.44,-19.09
6990,263.44,-19.09
6992,263.44,-19.09
6994,262.03,-19.09
6996,262.03,-19.09
6998,262.03,-19.09
7000,262.03,-19.09
7002,262.03,-19.09
7004,262.03,-19.09
7006,262.03,-19.09
7007,262.03,-19.09
7009,262.03,-19.09
7011,262.03,-19.09
7013,262.03,-19.09
7015,262.03,-19.09
7017,262.03,-19.09
7019,262.03,-19.09
7021,262.03,-19.09
7022,174.76,-19.09
7025,174.76,-19.53
7027,174.76,-19.53
7030,47.36,-19.53
7031,47.36,-19.53
7034,76.57,-20.62
7035,76.57,-20.62
7037,76.57,-20.62
7039,100.85,-20.62
7040,100.85,-20.62
7042,100.85,-20.62
7045,118.80,-20.62
7046,118.80,-20.62
7048,132.17,-20.62
7050,132.17,-20.62
7052,132.17,-20.62
7054,141.68,-20.62
7056,141.68,-20.62
7057,147.66,-20.62
7060,147.66,-21.06
7061,147.66,-21.06
7064,45.60,-21.06
7065,45.60,-21.06
7067,73.40,-22.16
7070,73.40,-22.16
7072,73.40,-22.16
7074,96.98,-22.16
7076,96.98,-22.16
7077,96.98,-22.16
7079,113.87,-22.16
7081,113.87,-22.16
7083,126.54,-22.16
7085,126.54,-22.16
7087,126.54,-22.16
7089,135.34,-22.16
7091,135.34,-22.16
7092,135.34,-22.16
7095,142.38,-22.16
7096,142.38,-22.16
7099,147.66,-22.16
7100,147.66,-22.16
7102,147.66,-22.16
7104,42.79,-22.16
7106,42.79,-22.16
7109,70.94,-21.72
7110,70.94,-21.72
7112,70.94,-21.72
7115,94.17,-21.72
7116,94.17,-21.72
7118,94.17,-21.72
7120,111.41,-21.72
7122,111.41,-21.72
7124,123.73,-21.72
7126,123.73,-21.72
7127,123.73,-21.72
7130,132.88,-21.72
7131,132.88,-21.72
7133,139.92,-21.72
7135,139.92,-21.72
7137,139.92,-21.72
7139,145.19,-22.16
7141,145.19,-22.16
7143,41.73,-22.16
7145,41.73,-22.16
7146,41.73,-22.82
7149,68.83,-22.82
7150,68.83,-22.82
7152,68.83,-22.82
7155,92.41,-22.82
7157,92.41,-22.82
7158,109.65,-22.82
7161,109.65,-22.82
7162,109.65,-22.82
7165,122.32,-22.82
7166,122.32,-22.82
7168,132.17,-22.82
7170,132.17,-22.82
7172,132.17,-22.82
7174,139.56,-22.82
7176,139.56,-22.82
7178,145.19,-22.82
7180,145.19,-23.03
7182,145.19,-23.03
7184,41.73,-23.03
7185,41.73,-23.03
7187,69.53,-23.69
7189,69.53,-23.69
7191,69.53,-23.69
7192,93.46,-23.69
7195,93.46,-23.69
7196,93.46,-23.69
7200,111.06,-23.69
7201,111.06,-23.69
7203,111.06,-23.69
7205,124.08,-23.69
7207,124.08,-23.69
7209,133.93,-23.69
7211,133.93,-23.69
7212,133.93,-23.69
7215,141.68,-23.69
7216,141.68,-23.69
7219,147.66,-23.69
7221,147.66,-23.69
7222,147.66,-23.69
7224,43.49,-23.69
7226,43.49,-23.69
7229,72.00,-23.69
7230,72.00,-23.69
7231,72.00,-23.69
7234,96.28,-23.69
7235,96.28,-23.69
7237,96.28,-23.69
7240,114.23,-23.69
7242,114.23,-23.69
7243,127.95,-23.69
7246,127.95,-23.69
7247,127.95,-23.69
7250,138.16,-23.69
7251,138.16,-23.69
7253,146.60,-23.69
7255,146.60,-24.13
7257,146.60,-24.13
7259,46.31,-24.13
7261,46.31,-24.13
7262,75.87,-27.19
7265,75.87,-27.19
7266,75.87,-27.19
7268,100.50,-27.19
7270,100.50,-27.19
7272,100.50,-27.19
7274,118.45,-27.19
7276,118.45,-27.19
7278,131.47,-27.19
7280,131.47,-27.19
7283,131.47,-27.19
7285,141.32,-27.19
7286,141.32,-27.19
7288,149.07,-27.19
7290,149.07,-27.63
7292,149.07,-27.63
7295,39.27,-27.63
7296,39.27,-27.63
7298,262.03,-30.04
7300,262.03,-30.04
7302,262.03,-30.04
7304,262.03,-30.04
7306,262.03,-30.04
7307,262.03,-30.04
7310,262.03,-30.04
7311,262.03,-30.04
7313,262.03,-30.04
7315,262.03,-30.04
7317,262.03,-30.04
7319,262.03,-30.04
7321,262.03,-30.04
7322,262.38,-30.04
7326,262.38,-30.04
7327,262.38,-30.04
7330,263.79,-30.04
7331,263.79,-30.04
7333,265.20,-30.04
7335,265.20,-30.04
7337,265.20,-30.04
7339,266.60,-30.04
7341,266.60,-30.04
7343,266.60,-30.04
7345,268.01,-30.04
7347,268.01,-30.04
7349,269.42,-30.04
7351,269.42,-30.04
7352,269.42,-30.04
7355,271.18,-30.04
7356,271.18,-30.04
7359,272.94,-30.04
7360,272.94,-30.04
7362,272.94,-30.04
7364,274.70,-30.04
7366,274.70,-30.04
7369,276.11,-30.04
7371,276.11,-30.04
7373,276.11,-30.04
7375,277.87,-30.04
7377,277.87,-30.04
7378,279.63,-30.04
7381,279.63,-30.04
7382,279.63,-30.04
7385,281.39,-30.04
7386,281.39,-30.04
7388,283.50,-30.04
7390,283.50,-30.04
7392,283.50,-30.04
7394,285.26,-30.04
7396,285.26,-30.04
7398,287.37,-30.04
7400,287.37,-30.04
7402,287.37,-30.04
7404,289.13,-30.04
7406,289.13,-30.04
7407,289.13,-30.04
7409,291.24,-30.04
7412,291.24,-30.04
7414,293.00,-30.04
7416,293.00,-30.04
7418,293.00,-30.04
7420,295.11,-30.04
7422,295.11,-30.04
7424,297.22,-30.04
7426,297.22,-30.04
7427,297.22,-30.04
7430,299.33,-30.04
7431,299.33,-30.04
7433,301.44,-30.04
7435,301.44,-30.04
7437,301.44,-30.04
7439,303.56,-30.04
7441,303.56,-30.04
7443,305.67,-30.04
7445,305.67,-30.04
7447,305.67,-30.04
7449,307.78,-30.04
7451,307.78,-30.04
7452,309.89,-30.04
7456,309.89,-30.04
7457,309.89,-30.04
7460,312.35,-30.04
7461,312.35,-30.04
7463,312.35,-30.04
7465,314.47,-30.04
7467,314.47,-30.04
7469,316.58,-30.04
7471,316.58,-30.04
7473,316.58,-30.04
7475,318.69,-30.04
7477,318.69,-30.04
7479,321.15,-30.04
7481,321.15,-30.04
7482,321.15,-30.04
7484,323.26,-30.04
7486,323.26,-30.04
7488,325.73,-30.04
7490,325.73,-30.04
7492,325.73,-30.04
7494,327.84,-30.04
7497,327.84,-30.04
7499,329.95,-30.04
7501,329.95,-30.04
7502,329.95,-30.04
7505,332.41,-30.04
7506,332.41,-30.04
7508,334.52,-30.04
7510,334.52,-30.04
7512,334.52,-30.04
7514,336.99,-30.04
7516,336.99,-30.04
7518,336.99,-30.04
7520,339.10,-30.04
7522,339.10,-30.04
7524,341.21,-30.04
7526,341.21,-30.04
7527,341.21,-30.04
7530,343.32,-30.04
7531,343.32,-30.04
7534,345.79,-30.04
7535,345.79,-30.04
7537,345.79,-30.04
7540,347.90,-30.04
7542,347.90,-30.04
7544,-10.00,-30.04
7546,-10.00,-30.04
7548,-10.00,-30.04
7550,-7.89,-30.04
7552,-7.89,-30.04
7553,-5.78,-30.04
7555,-5.78,-30.04
7557,-5.78,-30.04
7559,-3.67,-30.04
7561,-3.67,-30.04
7562,-3.67,-30.04
7565,-1.55,-30.04
7566,-1.55,-30.04
7568,0.21,-30.04
7570,0.21,-30.04
7571,0.21,-30.04
7574,2.32,-30.04
7575,2.32,-30.04
7577,2.32,-30.04
7579,4.43,-30.04
7580,4.43,-30.04
7583,4.43,-30.04
7585,6.19,-30.04
7586,6.19,-30.04
7588,6.19,-30.04
7590,8.30,-30.04
7591,8.30,-30.04
7593,8.30,-30.04
7595,10.06,-30.04
7597,10.06,-30.04
7599,11.82,-30.04
7601,11.82,-30.04
7602,11.82,-30.04
7604,13.58,-30.04
7606,13.58,-30.04
7608,13.58,-30.04
7610,15.34,-30.04
7611,15.34,-30.04
7613,17.10,-30.04
7615,17.10,-30.04
7617,17.10,-30.04
7619,18.86,-30.04
7621,18.86,-30.04
7622,18.86,-30.04
7625,20.62,-30.04
7627,20.62,-30.04
7629,22.02,-30.04
7631,22.02,-30.04
7632,22.02,-30.04
7635,23.78,-30.04
7636,23.78,-30.04
7638,23.78,-30.04
7640,25.19,-30.04
7642,25.19,-30.04
7643,26.60,-30.04
7645,26.60,-30.04
7647,26.60,-30.04
7649,28.36,-30.04
7651,28.36,-30.04
7652,28.36,-30.04
7655,29.41,-30.04
7656,29.41,-30.04
7658,31.17,-30.04
7660,31.17,-30.04
7662,31.17,-30.04
7664,32.23,-30.04
7665,32.23,-30.04
7668,32.23,-30.04
7670,33.64,-30.04
7672,33.64,-30.04
7673,34.69,-30.04
7676,34.69,-30.04
7677,34.69,-30.04
7679,36.10,-30.04
7681,36.10,-30.04
7683,36.10,-30.04
7685,37.16,-30.04
7686,37.16,-30.04
7688,38.21,-30.04
7690,38.21,-30.04
7692,38.21,-30.04
7694,39.27,-30.04
7696,39.27,-30.04
7697,39.27,-30.04
7699,40.32,-30.04
7701,40.32,-30.04
7703,41.38,-30.04
7705,41.38,-30.04
7706,41.38,-30.04
7710,42.08,-30.04
7711,42.08,-30.04
7713,42.08,-30.04
7715,43.14,-30.04
7717,43.14,-30.04
7718,43.84,-30.04
7721,43.84,-30.04
7722,43.84,-30.04
7724,44.90,-30.04
7726,44.90,-30.04
7727,44.90,-30.04
7730,45.60,-30.04
7731,45.60,-30.04
7733,46.31,-30.04
7735,46.31,-30.04
7737,46.31,-30.04
7739,47.01,-30.04
7740,47.01,-30.04
7742,47.01,-30.04
7744,47.71,-30.04
7746,47.71,-30.04
7748,48.42,-30.04
7750,48.42,-30.04
7752,48.42,-30.04
7755,48.77,-30.04
7756,48.77,-30.04
7758,48.77,-30.04
7760,49.47,-30.04
7761,49.47,-30.04
7763,49.83,-30.04
7765,49.83,-30.04
7767,49.83,-30.04
7769,50.18,-30.04
7771,50.18,-30.04
7772,50.18,-30.04
7775,50.88,-30.04
7776,50.88,-30.04
7778,51.23,-30.04
7780,51.23,-30.04
7782,51.23,-30.04
7784,51.59,-30.04
7785,51.59,-30.04
7787,51.59,-30.04
7789,51.59,-30.04
7791,51.59,-30.04
7792,51.59,-30.04
7796,51.94,-30.04
7797,51.94,-30.04
7799,52.29,-30.04
7801,52.29,-30.04
7802,52.29,-30.04
7805,52.29,-30.04
7806,52.29,-30.04
7808,52.29,-30.04
7810,52.29,-30.04
7812,52.29,-30.04
7813,52.64,-30.04
7815,52.64,-30.04
7817,52.64,-30.04
7819,52.64,-30.04
7821,52.64,-30.04
7822,52.64,-30.04
7825,52.64,-30.04
7826,52.64,-30.04
7828,52.64,-30.04
7830,52.64,-30.04
7831,52.64,-30.04
7834,52.29,-30.04
7835,52.29,-30.