0,164.20,52.08
1,164.20,51.43
2,164.20,50.99
5,163.85,50.11
6,163.85,49.67
7,163.85,49.02
9,163.49,48.58
10,163.49,47.92
12,163.49,47.48
14,163.14,46.83
15,163.14,46.17
17,163.14,45.51
19,162.79,44.86
20,162.79,44.20
22,162.79,43.54
24,162.44,43.10
25,162.44,42.45
27,162.44,41.79
30,162.09,41.35
31,162.09,40.70
33,162.09,40.26
35,161.73,39.60
36,161.73,38.94
37,161.73,38.29
39,161.38,37.85
41,161.38,37.19
42,161.38,36.53
44,161.03,36.10
46,161.03,35.44
47,161.03,35.00
49,160.33,34.34
51,160.33,33.69
52,160.33,33.03
54,159.97,32.37
56,159.97,31.72
57,159.97,31.06
59,159.97,30.62
60,159.97,29.96
62,159.97,29.31
64,159.27,29.09
65,159.27,28.43
67,159.27,27.77
69,159.27,27.12
70,159.27,26.46
73,159.27,26.02
75,158.57,25.15
76,158.57,24.49
78,158.57,23.83
80,158.22,22.96
81,158.22,22.52
83,158.22,21.86
85,157.86,21.42
86,157.86,20.77
87,157.86,20.11
89,157.51,19.23
91,157.51,18.58
92,157.51,17.92
94,157.16,17.70
96,157.16,17.04
97,157.16,16.39
99,156.81,15.73
101,156.81,15.07
102,156.81,14.42
104,156.46,13.98
106,156.46,13.32
107,156.46,12.66
110,156.10,12.23
111,156.10,11.57
113,156.10,10.91
116,155.75,10.25
117,155.75,9.60
119,155.40,9.16
121,155.40,8.50
122,155.40,7.85
124,155.05,7.41
126,155.05,6.75
127,155.05,6.09
128,155.05,5.22
131,155.05,4.56
132,155.05,4.12
133,154.70,3.68
135,154.70,3.25
137,154.70,2.81
138,155.40,2.59
140,155.40,2.59
142,155.40,2.37
143,156.10,2.59
145,156.10,2.59
147,156.10,2.59
148,157.86,2.81
150,157.86,3.03
151,157.86,3.03
153,158.92,3.25
155,158.92,3.25
156,158.92,3.46
159,157.51,3.46
161,157.51,3.46
162,157.51,3.46
164,156.81,3.46
166,156.81,3.46
167,156.81,3.46
169,156.81,3.46
171,156.81,3.46
172,156.81,3.46
173,156.81,3.46
175,156.81,3.46
177,156.81,3.46
178,157.16,3.46
180,157.16,3.46
182,157.16,3.46
183,157.16,3.46
185,157.16,3.46
187,157.16,3.46
188,156.81,3.46
190,156.81,3.46
191,156.81,3.46
193,157.16,3.46
195,157.16,3.46
196,157.16,3.46
198,156.46,3.46
201,156.46,3.46
202,156.46,3.46
204,156.46,3.46
206,156.46,3.46
207,156.46,3.46
209,157.16,3.46
211,157.16,3.46
212,157.16,3.46
214,156.81,3.46
216,156.81,3.46
217,156.81,3.46
218,156.46,3.46
220,156.46,3.46
222,156.46,3.46
223,156.81,3.46
225,156.81,3.46
227,156.81,3.46
228,156.81,3.46
230,156.81,3.46
232,156.81,3.46
233,156.81,3.46
235,156.81,3.46
237,156.81,3.46
238,156.81,3.46
240,156.81,3.46
241,156.81,3.46
244,156.81,3.46
246,156.81,3.46
247,156.81,3.46
249,157.16,3.46
251,157.16,3.46
252,157.16,3.46
254,156.46,3.46
256,156.46,3.46
257,156.46,3.46
259,157.16,3.46
261,157.16,3.46
262,157.16,3.46
264,156.46,3.46
266,156.46,3.46
267,156.46,3.46
268,157.16,3.46
270,157.16,3.46
272,157.16,3.46
273,157.16,3.46
275,157.16,3.46
277,157.16,3.46
278,157.16,3.46
280,157.16,3.46
282,157.16,3.46
284,157.16,3.46
286,157.16,3.46
288,157.16,3.46
290,157.16,3.46
291,157.16,3.46
292,157.16,3.46
295,157.16,3.46
296,157.16,3.46
297,157.16,3.46
300,156.81,3.46
301,156.81,3.46
302,156.81,3.46
304,156.81,3.46
306,156.81,3.46
307,156.81,3.46
309,157.16,3.46
311,157.16,3.46
312,157.16,3.46
314,157.16,3.46
316,157.16,3.46
317,157.16,3.46
319,156.81,3.46
320,156.81,3.46
322,156.81,3.46
324,157.16,3.46
325,157.16,3.46
328,157.16,3.46
330,157.16,3.46
331,157.16,3.46
333,157.16,3.46
335,157.16,3.46
336,157.16,3.46
338,157.16,3.46
340,156.81,3.46
341,156.81,3.46
342,156.81,3.46
345,157.16,3.46
346,157.16,3.46
347,157.16,3.46
349,157.16,3.46
351,157.16,3.46
352,157.16,3.46
354,156.81,3.46
356,156.81,3.46
357,156.81,3.46
359,157.16,3.46
361,157.16,3.46
362,157.16,3.46
364,156.46,3.46
365,156.46,3.46
367,156.46,3.46
369,156.81,3.46
371,156.81,3.46
373,156.81,3.46
375,156.81,3.46
376,156.81,3.46
378,156.81,3.46
380,156.81,3.46
381,156.81,3.46
383,156.81,3.46
385,156.46,3.46
386,156.46,3.46
388,156.46,3.46
390,156.46,3.46
391,156.46,3.46
392,156.46,3.46
394,156.10,3.46
396,156.10,3.46
397,156.10,3.46
399,156.46,3.46
401,156.46,3.46
402,156.46,3.46
404,156.46,3.46
406,156.46,3.46
407,156.46,3.46
409,155.75,3.46
411,155.75,3.46
412,155.75,3.46
415,156.10,3.46
416,156.10,3.46
418,156.10,3.46
420,155.75,3.46
421,155.75,3.46
423,155.75,3.46
425,155.75,3.46
426,155.75,3.46
428,155.75,3.46
430,155.40,3.46
431,155.40,3.46
433,155.40,3.46
435,155.75,3.46
436,155.75,3.46
437,155.75,3.46
440,155.05,3.46
441,155.05,3.46
442,155.05,3.46
444,155.40,3.46
446,155.40,3.46
447,155.40,3.46
449,155.40,3.46
451,155.40,3.46
452,155.40,3.46
454,155.05,3.46
457,155.05,3.46
458,155.05,3.46
460,155.40,3.46
462,155.40,3.46
463,155.40,3.46
465,155.05,3.46
466,155.05,3.46
468,155.05,3.46
470,155.05,3.46
471,155.05,3.46
473,155.05,3.46
475,155.05,3.46
476,155.05,3.46
478,155.05,3.46
480,155.05,3.46
481,155.05,3.46
482,155.05,3.46
485,155.05,3.46
486,155.05,3.46
487,155.05,3.46
489,155.05,3.46
491,155.05,3.46
492,155.05,3.46
494,154.34,3.46
496,154.34,3.46
497,154.34,3.46
500,154.70,3.46
502,154.70,3.46
503,154.70,3.46
505,154.70,3.46
507,154.70,3.46
508,154.70,3.46
510,154.34,3.46
511,154.34,3.46
513,154.34,3.46
515,154.34,3.46
516,154.34,3.46
518,154.34,3.46
520,154.34,3.46
521,154.34,3.46
523,154.34,3.46
525,154.70,3.46
526,154.70,3.46
527,154.70,3.46
530,154.34,3.46
531,154.34,3.46
532,154.34,3.46
534,154.34,3.46
536,154.34,3.46
537,154.34,3.46
539,154.34,3.46
542,154.34,3.46
543,154.34,3.46
545,154.34,3.46
547,154.34,3.46
548,154.34,3.46
550,154.34,3.46
551,154.34,3.46
553,154.34,3.46
555,154.34,3.46
556,154.34,3.46
558,154.34,3.46
560,153.99,3.46
561,153.99,3.46
563,153.99,3.46
565,154.34,3.46
566,154.34,3.46
568,154.34,3.46
570,154.34,3.46
571,154.34,3.46
572,154.34,3.46
575,154.34,3.46
576,154.34,3.46
577,154.34,3.46
580,154.34,3.46
581,154.34,3.46
582,154.34,3.46
585,154.34,3.46
587,154.34,3.46
588,154.34,3.46
590,154.34,3.46
592,154.34,3.46
593,154.34,3.46
595,154.34,3.46
597,154.34,3.46
598,154.34,3.46
600,154.34,3.46
601,154.34,3.46
603,154.34,3.46
605,154.34,3.46
606,154.34,3.46
608,154.34,3.46
610,154.34,3.46
611,154.34,3.46
613,154.34,3.46
615,154.34,3.46
616,154.34,3.46
617,154.34,3.46
619,154.34,3.46
621,154.34,3.46
622,154.34,3.46
624,154.34,3.46
627,154.34,3.46
628,154.34,3.46
630,154.34,3.46
632,154.34,3.46
633,154.34,3.46
635,154.34,3.46
637,154.34,3.46
638,154.34,3.46
640,154.34,3.46
641,154.34,3.46
643,154.34,3.46
645,154.34,3.46
646,154.34,3.46
648,154.34,3.46
650,154.34,3.46
651,154.34,3.46
653,154.34,3.46
655,154.34,3.46
656,154.34,3.46
657,154.34,3.46
660,154.70,3.46
661,154.70,3.46
662,154.70,3.46
664,154.34,3.46
666,154.34,3.46
667,154.34,3.46
670,154.34,3.46
672,154.34,3.46
673,154.34,3.46
675,154.34,3.46
677,154.34,3.46
678,154.34,3.46
680,154.70,3.46
682,154.70,3.46
683,154.70,3.46
685,154.34,3.46
686,154.34,3.46
688,154.34,3.46
690,154.34,3.46
691,154.34,3.46
693,154.34,3.46
695,154.34,3.46
696,154.34,3.46
697,154.34,3.46
700,154.34,3.46
701,154.34,3.46
702,154.34,3.46
704,154.34,3.46
706,154.34,3.46
707,154.34,3.46
709,154.34,3.46
712,154.34,3.46
713,154.34,3.46
715,154.34,3.46
717,154.34,3.46
718,154.34,3.46
720,154.34,3.46
721,154.34,3.46
723,154.34,3.46
725,154.34,3.46
726,154.34,3.46
728,154.34,3.46
730,154.34,3.46
731,154.34,3.46
733,154.34,3.46
735,154.34,3.46
736,154.34,3.46
738,154.34,3.46
740,154.34,3.46
741,154.34,3.46
742,154.34,3.46
744,154.34,3.46
746,154.34,3.46
747,154.34,3.46
749,154.34,3.46
751,154.34,3.46
752,154.34,3.46
755,154.34,3.46
757,154.34,3.46
758,154.34,3.46
760,154.34,3.46
762,154.34,3.46
763,154.34,3.46
765,154.34,3.46
766,154.34,3.46
768,154.34,3.46
770,153.99,3.46
771,153.99,3.46
773,153.99,3.46
775,154.34,3.46
776,154.34,3.46
778,154.34,3.46
780,154.34,3.46
781,154.34,3.46
783,154.34,3.46
785,153.64,3.46
786,153.64,3.46
787,153.64,3.46
790,154.34,3.46
791,154.34,3.46
792,154.34,3.46
794,154.34,3.46
796,154.34,3.46
798,154.34,3.46
800,153.99,3.46
802,153.99,3.46
803,153.99,3.46
805,153.64,3.46
807,153.64,3.46
808,153.64,3.46
810,153.99,3.46
812,153.99,3.46
813,153.99,3.46
815,154.34,3.46
816,154.34,3.46
818,154.34,3.46
820,153.64,3.46
821,153.64,3.46
823,153.64,3.46
825,153.99,3.46
826,153.99,3.46
828,153.99,3.46
830,154.34,3.46
831,154.34,3.46
833,154.34,3.46
835,153.99,3.46
836,153.99,3.46
837,153.99,3.46
840,153.64,3.46
842,153.64,3.46
843,153.64,3.46
845,153.99,3.46
847,153.99,3.46
848,153.99,3.46
850,153.99,3.46
852,153.99,3.46
853,153.99,3.46
855,153.64,3.46
857,153.64,3.46
858,153.64,3.46
860,153.64,3.46
861,153.64,3.46
863,153.64,3.46
865,153.99,3.46
866,153.99,3.46
868,153.99,3.46
870,153.64,3.46
871,153.64,3.46
873,153.64,3.46
875,153.64,3.46
876,153.64,3.46
877,153.64,3.46
880,153.99,3.46
881,153.99,3.46
883,153.99,3.46
885,153.64,3.46
887,153.64,3.46
888,153.64,3.46
890,153.64,3.46
892,153.64,3.46
893,153.64,3.46
895,153.29,3.46
897,153.29,3.46
898,153.29,3.46
900,153.64,3.46
901,153.64,3.46
903,153.64,3.46
905,153.64,3.46
906,153.64,3.46
908,153.64,3.46
910,153.64,3.46
911,153.64,3.46
913,153.64,3.46
915,153.64,3.46
916,153.64,3.46
917,153.64,3.46
920,153.29,3.46
921,153.29,3.46
922,153.29,3.46
924,152.94,3.46
927,152.94,3.46
928,152.94,3.46
930,153.29,3.46
932,153.29,3.46
933,153.29,3.46
935,153.29,3.46
937,153.29,3.46
938,153.29,3.46
940,152.94,3.46
942,152.94,3.46
943,152.94,3.46
945,152.94,3.46
946,152.94,3.46
948,152.94,3.46
950,152.94,3.46
951,152.94,3.46
953,152.94,3.46
955,152.58,3.46
956,152.58,3.46
958,152.58,3.46
960,152.58,3.46
961,152.58,3.46
963,152.58,3.46
965,152.23,3.46
966,152.23,3.46
968,152.23,3.46
970,151.88,3.46
972,151.88,3.46
973,151.88,3.46
975,152.23,3.46
977,152.23,3.46
978,152.23,3.46
980,151.88,3.46
982,151.88,3.46
983,151.88,3.46
985,151.53,3.46
987,151.53,3.46
988,151.53,3.46
990,151.53,3.46
991,151.53,3.46
993,151.53,3.46
995,151.18,3.46
996,151.18,3.46
998,151.18,3.46
1000,151.18,3.46
1001,151.18,3.46
1003,151.18,3.46
1005,150.82,3.46
1006,150.82,3.46
1008,150.82,3.46
1011,150.82,3.46
1013,150.82,3.46
1014,150.47,3.46
1016,150.47,3.46
1018,150.47,3.46
1020,150.12,3.46
1021,150.12,3.46
1023,150.12,3.46
1025,149.77,3.46
1026,149.77,3.46
1028,149.77,3.46
1030,149.77,3.46
1032,149.77,3.46
1033,149.77,3.46
1035,149.77,3.46
1037,149.77,3.46
1038,149.42,3.46
1040,149.42,3.46
1042,149.42,3.46
1043,149.42,3.46
1045,149.42,3.46
1047,149.42,3.46
1049,148.71,3.46
1051,148.71,3.46
1052,148.71,3.46
1055,148.71,3.46
1057,148.71,3.46
1058,148.71,3.46
1060,148.36,3.46
1062,148.36,3.46
1063,148.36,3.46
1066,148.36,3.46
1067,148.36,3.46
1069,148.01,3.46
1071,148.01,3.46
1072,148.01,3.46
1074,147.66,3.46
1076,147.66,3.46
1077,147.66,3.46
1080,146.95,3.46
1081,146.95,3.46
1083,146.95,3.46
1085,146.95,3.46
1086,146.95,3.46
1088,146.95,3.46
1090,146.60,3.46
1091,146.60,3.46
1093,146.60,3.46
1096,145.90,3.46
1097,145.90,3.46
1099,145.55,3.46
1101,145.55,3.46
1103,145.55,3.46
1104,145.19,3.46
1106,145.19,3.46
1108,145.19,3.46
1110,144.49,3.46
1111,144.49,3.46
1113,144.49,3.46
1115,144.14,3.46
1117,144.14,3.46
1118,144.14,3.46
1120,141.68,3.46
1122,141.68,3.46
1123,141.68,3.46
1125,140.97,3.68
1127,140.97,3.68
1128,140.27,3.68
1130,140.27,3.68
1132,140.27,3.68
1133,139.56,3.68
1135,139.56,3.68
1137,139.56,3.68
1140,138.86,3.90
1142,138.86,3.90
1143,138.86,3.90
1145,138.16,3.90
1147,138.16,3.90
1148,138.16,3.90
1150,137.45,3.90
1152,137.45,3.90
1153,137.45,3.90
1156,136.40,3.90
1157,136.40,3.90
1159,135.69,3.90
1161,135.69,3.90
1162,135.69,3.90
1164,134.64,3.90
1166,134.64,3.90
1167,134.64,3.90
1169,133.93,3.90
1171,133.93,3.90
1172,133.93,3.90
1175,132.88,3.90
1176,132.88,3.90
1178,132.88,3.68
1180,131.82,3.68
1182,131.82,3.68
1184,131.82,3.68
1186,130.77,3.68
1187,130.77,3.68
1189,129.71,3.68
1191,129.71,3.68
1193,129.71,3.68
1195,128.65,3.68
1196,128.65,3.68
1198,128.65,3.68
1200,127.25,3.68
1201,127.25,3.68
1203,127.25,3.68
1205,126.19,3.68
1207,126.19,3.68
1208,126.19,3.68
1210,124.78,3.68
1212,124.78,3.68
1213,123.38,3.68
1215,123.38,3.68
1217,123.38,3.68
1218,121.97,3.68
1220,121.97,3.68
1222,121.97,3.90
1224,120.56,3.90
1226,120.56,3.90
1228,120.56,3.90
1230,119.15,3.90
1232,119.15,3.90
1233,119.15,3.90
1235,117.74,3.90
1237,117.74,3.90
1238,117.74,3.90
1240,115.99,3.90
1242,115.99,3.90
1243,115.99,3.90
1246,114.58,3.90
1247,114.58,3.90
1249,112.82,3.90
1251,112.82,3.90
1252,112.82,3.90
1254,111.06,3.90
1256,111.06,3.90
1257,111.06,3.90
1259,109.30,3.90
1261,109.30,3.90
1262,109.30,3.90
1265,107.54,3.90
1267,107.54,3.90
1269,107.54,3.90
1271,105.78,3.90
1272,105.78,3.90
1274,105.78,3.90
1276,104.02,3.90
1277,104.02,3.90
1279,101.91,3.90
1281,101.91,3.90
1283,101.91,3.90
1285,99.80,3.90
1286,99.80,3.90
1288,99.80,3.90
1290,98.04,3.90
1291,98.04,3.90
1292,98.04,3.90
1294,95.57,3.90
1296,95.57,3.90
1297,95.57,3.90
1299,93.46,3.90
1301,93.46,3.90
1302,93.46,3.90
1304,91.35,3.90
1306,91.35,3.90
1307,91.35,3.90
1310,88.89,3.90
1312,88.89,3.90
1313,88.89,3.90
1315,86.78,3.90
1316,86.78,3.90
1318,86.78,3.90
1320,84.31,3.90
1321,84.31,3.90
1323,84.31,3.90
1325,81.85,3.90
1326,81.85,3.90
1328,81.85,3.90
1330,79.39,3.90
1331,79.39,3.90
1333,79.39,3.90
1335,76.92,3.90
1336,76.92,3.90
1337,76.92,3.90
1340,74.11,3.90
1341,74.11,3.90
1342,74.11,3.90
1344,71.64,3.90
1346,71.64,3.90
1347,71.64,3.90
1349,68.83,3.90
1352,68.83,3.90
1353,68.83,3.90
1355,66.01,3.90
1357,66.01,3.90
1358,66.01,3.90
1360,63.20,3.90
1362,63.20,3.90
1363,63.20,3.90
1365,60.38,3.90
1366,60.38,3.90
1368,60.38,3.90
1370,57.57,3.90
1371,57.57,3.90
1373,57.57,3.90
1375,54.40,3.90
1376,54.40,3.90
1378,54.40,3.90
1380,51.23,3.90
1381,51.23,3.90
1383,51.23,3.90
1385,48.42,3.90
1386,48.42,3.90
1387,48.42,3.90
1390,45.25,3.90
1391,45.25,3.90
1392,45.25,3.90
1395,42.08,3.90
1397,42.08,3.90
1398,42.08,3.90
1400,38.56,3.90
1402,38.56,3.90
1403,38.56,3.90
1405,35.40,3.90
1407,35.40,3.90
1408,35.40,3.90
1410,32.23,3.90
1412,32.23,3.90
1413,32.23,3.90
1415,29.06,3.90
1416,29.06,3.90
1418,29.06,3.90
1420,25.54,3.90
1421,25.54,3.90
1423,25.54,3.90
1425,22.38,3.90
1426,22.38,3.90
1428,22.38,3.90
1430,18.86,3.90
1431,18.86,3.90
1433,18.86,3.90
1435,15.34,3.90
1436,15.34,3.90
1438,15.34,3.90
1441,12.17,3.90
1442,12.17,3.90
1443,12.17,3.90
1445,8.65,3.90
1447,8.65,3.90
1448,8.65,3.90
1450,5.13,3.90
1451,5.13,3.90
1453,5.13,3.90
1455,1.61,3.90
1456,1.61,3.90
1457,1.61,3.90
1459,-1.91,3.90
1461,-1.91,3.90
1462,-1.91,3.90
1464,-5.43,3.90
1466,-5.43,3.90
1467,-5.43,3.90
1469,-8.94,3.90
1471,-8.94,3.90
1472,-8.94,3.90
1473,347.55,3.90
1476,347.55,3.90
1477,347.55,3.90
1480,344.03,3.90
1482,344.03,3.90
1483,344.03,3.90
1485,340.51,3.90
1487,340.51,3.90
1488,340.51,3.90
1491,336.99,3.90
1492,336.99,3.90
1494,336.99,3.90
1496,333.47,3.90
1497,333.47,3.90
1499,329.95,3.90
1501,329.95,3.90
1502,329.95,3.90
1505,326.78,3.90
1506,326.78,3.90
1508,326.78,3.90
1510,323.26,3.90
1511,323.26,3.90
1513,323.26,3.90
1515,319.74,3.90
1516,319.74,3.90
1518,319.74,3.90
1520,316.22,3.90
1521,316.22,3.90
1524,313.06,3.90
1526,313.06,3.90
1528,313.06,3.90
1529,309.54,3.90
1531,309.54,3.90
1533,309.54,3.90
1535,306.37,3.90
1536,306.37,3.90
1538,306.37,3.90
1540,303.20,3.90
1542,303.20,3.90
1543,303.20,3.90
1545,300.04,3.90
1547,300.04,3.90
1548,300.04,3.90
1550,296.87,3.90
1552,296.87,3.90
1553,293.70,3.90
1556,293.70,3.90
1557,293.70,3.90
1559,290.53,3.90
1561,290.53,3.90
1562,290.53,3.90
1564,287.72,3.90
1567,287.72,3.90
1568,287.72,3.90
1570,284.55,3.90
1572,284.55,3.90
1573,284.55,3.90
1576,281.74,3.90
1577,281.74,3.90
1579,281.74,3.90
1581,278.92,3.90
1582,278.92,3.90
1584,276.11,3.90
1586,276.11,3.90
1587,276.11,3.90
1590,273.29,3.90
1591,273.29,3.90
1593,273.29,3.90
1595,270.83,3.90
1596,270.83,3.90
1598,270.83,3.90
1600,268.01,3.90
1601,268.01,3.90
1603,268.01,3.90
1605,265.20,3.90
1608,265.20,3.90
1609,263.09,3.90
1611,263.09,3.90
1613,263.09,3.90
1614,262.03,3.90
1616,262.03,3.90
1618,262.03,3.90
1620,262.03,3.90
1621,262.03,3.90
1623,262.03,3.90
1625,262.03,3.90
1626,262.03,3.90
1628,262.03,3.90
1630,262.03,3.90
1632,262.03,3.90
1633,262.03,3.90
1635,262.03,3.90
1637,262.03,3.90
1638,262.03,3.90
1640,262.03,3.90
1642,262.03,3.90
1643,262.03,3.90
1645,262.03,3.90
1647,262.03,3.90
1648,262.03,3.90
1651,262.03,3.90
1653,262.03,3.90
1655,261.68,3.90
1657,261.68,3.90
1658,261.68,3.90
1660,259.57,3.90
1662,259.57,3.90
1663,259.57,3.90
1665,257.45,3.90
1667,257.45,3.90
1668,257.45,3.90
1671,255.70,3.90
1672,255.70,3.90
1674,253.94,3.90
1676,253.94,3.90
1677,253.94,3.90
1679,252.18,3.90
1681,252.18,3.90
1682,252.18,3.90
1685,250.42,3.90
1686,250.42,3.90
1687,250.42,3.90
1690,248.66,3.90
1691,248.66,3.90
1694,248.66,3.90
1696,247.25,3.90
1697,247.25,3.90
1699,247.25,3.90
1701,245.49,3.90
1702,245.49,3.90
1704,244.08,3.90
1706,244.08,3.90
1708,244.08,3.90
1710,242.67,3.90
1711,242.67,3.90
1713,242.67,3.90
1715,241.27,3.90
1716,241.27,3.90
1718,241.27,3.90
1720,239.86,3.90
1722,239.86,3.90
1723,239.86,3.90
1725,238.80,3.90
1727,238.80,3.90
1728,237.40,3.90
1730,237.40,3.90
1732,237.40,3.90
1733,236.34,3.90
1736,236.34,3.90
1738,236.34,3.90
1740,234.93,3.90
1742,234.93,3.90
1743,234.93,3.90
1745,233.88,3.90
1747,233.88,3.90
1748,233.88,3.90
1750,232.82,3.90
1752,232.82,3.90
1753,232.82,3.90
1756,231.77,3.90
1757,231.77,3.90
1759,230.71,3.90
1761,230.71,3.90
1762,230.71,3.90
1764,229.65,3.90
1766,229.65,3.90
1767,229.65,3.90
1770,228.95,3.90
1771,228.95,3.90
1772,228.95,3.90
1775,228.25,3.90
1776,228.25,3.90
1779,228.25,3.90
1781,227.19,3.90
1782,227.19,3.90
1784,227.19,3.90
1786,226.49,3.90
1787,226.49,3.90
1789,225.78,3.90
1791,225.78,3.90
1793,225.78,3.90
1795,225.08,3.90
1796,225.08,3.90
1798,225.08,3.90
1800,224.38,3.90
1801,224.38,3.90
1803,224.38,3.90
1805,224.02,3.90
1807,224.02,3.90
1808,224.02,3.90
1810,223.32,3.90
1812,223.32,3.90
1813,222.62,3.90
1815,222.62,3.90
1817,222.62,3.90
1818,222.26,3.90
1820,222.26,3.90
1823,222.26,3.90
1825,221.91,3.90
1827,221.91,3.90
1828,221.91,3.90
1830,221.56,3.90
1832,221.56,3.90
1833,221.56,3.90
1835,220.86,3.90
1837,220.86,3.90
1838,220.86,3.90
1841,220.50,3.90
1842,220.50,3.90
1844,220.50,3.90
1846,220.50,3.90
1847,220.50,3.90
1849,220.15,3.90
1851,220.15,3.90
1852,220.15,3.90
1854,219.80,3.90
1856,219.80,3.90
1857,219.80,3.90
1860,219.45,3.90
1861,219.45,3.90
1864,219.45,3.90
1866,219.45,3.90
1867,219.45,3.90
1869,219.45,3.90
1871,219.10,3.90
1872,219.10,3.90
1874,219.10,3.90
1876,219.10,3.90
1877,219.10,3.90
1879,219.10,3.90
1881,219.10,3.90
1883,219.10,3.90
1885,219.10,3.90
1886,219.10,3.90
1888,219.10,3.90
1890,219.10,3.90
1891,219.10,3.90
1893,219.10,3.90
1895,219.10,3.90
1896,219.10,3.90
1898,219.10,3.90
1900,219.10,3.90
1901,219.10,3.90
1903,219.10,3.90
1905,219.10,3.90
1907,219.10,3.90
1909,219.45,3.90
1911,219.45,3.90
1913,219.45,3.90
1914,219.45,3.90
1916,219.45,3.90
1918,219.45,3.90
1920,219.80,3.90
1921,219.80,3.90
1923,219.80,3.90
1925,219.80,3.90
1926,219.80,3.90
1928,219.80,3.90
1930,220.15,3.90
1932,220.15,3.90
1933,220.15,3.90
1935,220.50,3.90
1937,220.50,3.90
1938,220.50,3.90
1940,220.86,3.90
1942,220.86,3.90
1943,221.21,3.90
1945,221.21,3.90
1947,221.21,3.90
1950,221.56,3.90
1952,221.56,3.90
1953,221.56,3.90
1955,221.91,3.90
1957,221.91,3.90
1958,221.91,3.90
1960,222.26,3.90
1962,222.26,3.90
1963,222.26,3.90
1966,222.97,3.90
1967,222.97,3.90
1969,223.32,3.90
1971,223.32,3.90
1972,223.32,3.90
1974,224.02,3.90
1976,224.02,3.90
1977,224.02,3.90
1980,224.73,3.90
1981,224.73,3.90
1983,224.73,3.90
1985,225.43,3.90
1986,225.43,3.90
1988,225.43,3.90
1990,226.13,3.90
1992,226.13,3.90
1994,226.13,3.90
1996,226.84,3.90
1997,226.84,3.90
1999,227.54,3.90
2001,227.54,3.90
2003,227.54,3.90
2004,228.25,3.90
2006,228.25,3.90
2008,228.25,3.90
2010,229.30,3.90
2011,229.30,3.90
2013,229.30,3.90
2015,230.01,3.90
2017,230.01,3.90
2018,230.01,3.90
2020,231.06,3.90
2022,231.06,3.90
2023,231.06,3.90
2025,232.12,3.90
2027,232.12,3.90
2028,233.17,3.90
2031,233.17,3.90
2032,233.17,3.90
2035,234.23,3.90
2037,234.23,3.90
2038,234.23,3.90
2040,235.28,3.90
2042,235.28,3.90
2043,235.28,3.90
2045,236.34,3.90
2047,236.34,3.90
2048,236.34,3.90
2051,237.75,3.90
2052,237.75,3.90
2054,238.80,3.90
2056,238.80,3.90
2057,238.80,3.90
2059,240.21,3.90
2061,240.21,3.90
2062,240.21,3.90
2065,241.62,3.90
2066,241.62,3.90
2068,241.62,3.90
2070,243.03,3.90
2071,243.03,3.90
2073,243.03,3.90
2075,244.43,3.90
2076,244.43,3.90
2079,244.43,3.90
2081,245.84,3.90
2083,245.84,3.90
2084,247.60,3.90
2086,247.60,3.90
2088,247.60,3.90
2090,249.01,3.90
2091,249.01,3.90
2093,249.01,3.90
2095,250.77,3.90
2096,250.77,3.90
2098,250.77,3.90
2100,252.53,3.90
2102,252.53,3.90
2103,252.53,3.90
2105,254.29,3.90
2107,254.29,3.90
2108,256.05,3.90
2110,256.05,3.90
2112,256.05,3.90
2113,257.81,3.90
2116,257.81,3.90
2117,257.81,3.90
2120,259.92,3.90
2122,259.92,3.90
2123,259.92,3.90
2125,262.03,3.90
2127,262.03,3.90
2128,262.03,3.90
2131,262.03,3.90
2132,262.03,3.90
2134,262.03,3.90
2136,262.03,3.90
2137,262.03,3.90
2139,262.03,3.90
2141,262.03,3.90
2142,262.03,3.90
2144,262.03,3.90
2146,262.03,3.90
2147,262.03,3.90
2149,259.57,3.90
2151,259.57,3.90
2152,259.57,3.90
2155,262.03,3.90
2156,262.03,3.90
2158,262.03,3.90
2160,262.03,3.90
2161,262.03,3.90
2164,262.03,3.90
2166,262.03,3.90
2167,262.03,3.90
2169,262.03,3.90
2171,263.09,3.90
2172,263.09,3.90
2174,265.20,3.90
2176,265.20,3.90
2177,265.20,3.90
2179,268.01,3.90
2181,268.01,3.90
2183,268.01,3.90
2185,270.48,3.90
2186,270.48,3.90
2188,270.48,3.90
2190,273.29,3.90
2191,273.29,3.90
2193,273.29,3.90
2195,276.11,3.90
2196,276.11,3.90
2198,276.11,3.90
2200,278.92,3.90
2202,278.92,3.90
2203,281.74,3.90
2206,281.74,3.90
2208,281.74,3.90
2209,284.55,3.90
2211,284.55,3.90
2213,284.55,3.90
2215,287.37,3.90
2217,287.37,3.90
2218,287.37,3.90
2220,290.53,3.90
2222,290.53,3.90
2223,290.53,3.90
2225,293.35,3.90
2227,293.35,3.90
2228,293.35,3.90
2231,296.52,3.90
2232,296.52,3.90
2234,299.68,3.90
2236,299.68,3.90
2237,299.68,3.90
2239,302.85,3.90
2241,302.85,3.90
2242,302.85,3.90
2244,306.02,3.90
2246,306.02,3.90
2248,306.02,3.90
2251,309.19,3.90
2252,309.19,3.90
2254,309.19,3.90
2256,312.35,3.90
2257,312.35,3.90
2259,315.87,3.90
2261,315.87,3.90
2262,315.87,3.90
2264,319.04,3.90
2266,319.04,3.90
2268,319.04,3.90
2270,322.56,3.90
2271,322.56,3.90
2273,322.56,3.90
2275,325.73,3.90
2276,325.73,3.90
2278,325.73,3.90
2280,329.25,3.90
2282,329.25,3.90
2283,329.25,3.90
2285,332.76,3.90
2287,332.76,3.90
2288,335.93,3.90
2291,335.93,3.90
2293,335.93,3.90
2294,339.45,3.90
2296,339.45,3.90
2298,339.45,3.90
2300,342.97,3.90
2302,342.97,3.90
2303,342.97,3.90
2305,346.49,3.90
2307,346.49,3.90
2308,346.49,3.90
2310,349.66,3.90
2312,349.66,3.90
2313,349.66,3.90
2316,-6.83,3.90
2317,-6.83,3.90
2318,-3.31,3.90
2320,-3.31,3.90
2322,-3.31,3.90
2323,0.21,3.90
2325,0.21,3.90
2327,0.21,3.90
2328,0.21,3.90
2330,3.72,3.90
2331,3.72,3.90
2334,3.72,3.90
2336,7.24,3.90
2337,7.24,3.90
2338,7.24,3.90
2340,10.41,3.90
2342,10.41,3.90
2343,10.41,3.90
2345,13.93,3.90
2346,13.93,3.90
2348,13.93,3.90
2350,17.10,3.90
2351,17.10,3.90
2353,17.10,3.90
2355,20.26,3.90
2356,20.26,3.90
2358,20.26,3.90
2360,23.78,3.90
2361,23.78,3.90
2363,23.78,3.90
2365,26.95,3.90
2366,26.95,3.90
2368,26.95,3.90
2370,30.12,3.90
2371,30.12,3.90
2372,30.12,3.90
2374,33.29,3.90
2377,33.29,3.90
2378,33.29,3.90
2380,36.45,3.90
2382,36.45,3.90
2383,36.45,3.90
2385,39.62,3.90
2387,39.62,3.90
2388,39.62,3.90
2390,42.79,3.90
2392,42.79,3.90
2393,42.79,3.90
2395,45.95,3.90
2396,45.95,3.90
2398,45.95,3.90
2400,48.77,3.90
2401,48.77,3.90
2403,48.77,3.90
2405,51.94,3.90
2406,51.94,3.90
2408,51.94,3.90
2410,54.75,3.90
2411,54.75,3.90
2413,54.75,3.90
2415,57.57,3.90
2416,57.57,3.90
2417,57.57,3.90
2420,60.38,3.90
2422,60.38,3.90
2423,60.38,3.90
2425,63.20,3.90
2427,63.20,3.90
2428,63.20,3.90
2430,65.66,3.90
2432,65.66,3.90
2433,65.66,3.90
2435,68.48,3.90
2437,68.48,3.90
2438,68.48,3.90
2440,70.94,3.90
2441,70.94,3.90
2443,70.94,3.90
2445,73.76,3.90
2446,73.76,3.90
2448,73.76,3.90
2450,76.22,3.90
2451,76.22,3.90
2453,76.22,3.90
2455,78.33,3.90
2456,78.33,3.90
2458,78.33,3.90
2460,80.79,3.90
2462,80.79,3.90
2463,80.79,3.90
2466,83.26,3.90
2467,83.26,3.90
2468,83.26,3.90
2470,85.37,3.90
2472,85.37,3.90
2473,85.37,3.90
2475,87.83,3.90
2477,87.83,3.90
2478,87.83,3.90
2480,89.59,3.90
2482,89.59,3.90
2483,89.59,3.90
2485,92.06,3.90
2487,92.06,3.90
2488,92.06,3.90
2490,93.81,3.90
2491,93.81,3.90
2493,93.81,3.90
2495,95.93,3.90
2496,95.93,3.90
2498,95.93,3.90
2500,97.69,3.90
2501,97.69,3.90
2504,97.69,3.90
2506,99.45,3.90
2507,99.45,3.90
2508,99.45,3.90
2510,101.56,3.90
2512,101.56,3.90
2513,101.56,3.90
2516,103.32,3.90
2517,103.32,3.90
2519,103.32,3.90
2521,104.72,3.90
2522,104.72,3.90
2524,106.48,3.90
2526,106.48,3.90
2527,106.48,3.90
2530,107.89,3.90
2531,107.89,3.90
2533,107.89,3.90
2535,109.30,3.90
2536,109.30,3.90
2538,109.30,3.90
2540,111.06,3.90
2541,111.06,3.90
2543,111.06,3.90
2545,112.47,3.90
2547,112.47,3.90
2549,112.47,3.90
2551,113.87,3.90
2553,113.87,3.90
2554,115.28,3.90
2556,115.28,3.90
2558,115.28,3.90
2560,116.34,3.90
2561,116.34,3.90
2563,116.34,3.90
2565,117.74,3.90
2567,117.74,3.90
2568,117.74,3.90
2570,118.80,3.90
2572,118.80,3.90
2573,118.80,3.90
2575,119.86,3.90
2577,119.86,3.90
2578,120.91,3.90
2581,120.91,3.90
2582,120.91,3.90
2584,121.97,3.90
2586,121.97,3.90
2587,121.97,3.90
2590,123.02,3.90
2592,123.02,3.90
2593,123.02,3.90
2595,124.08,3.90
2597,124.08,3.90
2598,124.08,3.90
2601,125.14,3.90
2602,125.14,3.90
2604,125.14,3.90
2606,125.84,3.90
2607,125.84,3.90
2609,126.54,3.90
2611,126.54,3.90
2612,126.54,3.90
2615,127.25,3.90
2616,127.25,3.90
2618,127.25,3.90
2620,127.95,3.90
2621,127.95,3.90
2623,127.95,3.90
2625,128.65,3.90
2626,128.65,3.90
2628,128.65,3.90
2630,129.36,3.90
2633,129.36,3.90
2634,130.06,3.90
2636,130.06,3.90
2638,130.06,3.90
2639,130.77,3.90
2641,130.77,3.90
2643,130.77,3.90
2645,131.12,3.90
2646,131.12,3.90
2648,131.12,3.90
2650,131.47,3.90
2651,131.47,3.90
2653,131.47,3.90
2655,131.82,3.90
2657,131.82,3.90
2658,131.82,3.90
2660,132.53,3.90
2662,132.53,3.90
2663,132.88,3.90
2665,132.88,3.90
2667,132.88,3.90
2668,132.88,3.90
2671,132.88,3.90
2672,132.88,3.90
2675,133.23,3.90
2677,133.23,3.90
2678,133.23,3.90
2680,133.58,3.90
2682,133.58,3.90
2683,133.58,3.90
2685,133.58,3.90
2687,133.58,3.90
2688,133.58,3.90
2691,133.93,3.90
2692,133.93,3.90
2694,133.93,3.90
2696,133.93,3.90
2697,133.93,3.90
2699,133.93,3.90
2701,133.93,3.90
2702,133.93,3.90
2704,133.93,3.90
2706,133.93,3.90
2707,133.93,3.90
2709,133.93,3.90
2711,133.93,3.90
2712,133.93,3.90
2714,133.93,3.90
2716,133.93,3.90
2718,133.93,3.90
2721,133.93,3.90
2722,133.93,3.90
2724,133.93,3.90
2726,133.58,3.90
2727,133.58,3.90
2729,133.58,3.90
2731,133.58,3.90
2732,133.58,3.90
2734,133.23,3.90
2736,133.23,3.90
2737,133.23,3.90
2739,133.23,3.90
2741,133.23,3.90
2742,133.23,3.90
2745,132.88,3.90
2746,132.88,3.90
2748,132.88,3.90
2750,132.53,3.90
2751,132.53,3.90
2753,132.53,3.90
2755,132.17,3.90
2756,132.17,3.90
2758,132.17,3.90
2761,131.82,3.90
2763,131.82,3.90
2764,131.47,3.90
2766,131.47,3.90
2768,131.47,3.90
2769,130.77,3.90
2771,130.77,3.90
2773,130.77,3.90
2775,130.41,3.90
2776,130.41,3.90
2778,130.41,3.90
2780,129.71,3.90
2782,129.71,3.90
2783,129.71,3.90
2785,129.01,3.90
2787,129.01,3.90
2788,129.01,3.90
2790,128.65,3.90
2792,128.65,3.90
2793,127.60,3.90
2796,127.60,3.90
2797,127.60,3.90
2799,126.89,3.90
2801,126.89,3.90
2803,126.89,3.90
2805,126.19,3.90
2807,126.19,3.90
2808,126.19,3.90
2811,125.49,3.90
2812,125.49,3.90
2814,125.49,3.90
2816,124.43,3.90
2817,124.43,3.90
2819,124.43,3.90
2821,123.73,3.90
2822,123.73,3.90
2824,122.67,3.90
2826,122.67,3.90
2827,122.67,3.90
2830,121.62,3.90
2831,121.62,3.90
2833,121.62,3.90
2835,120.56,3.90
2836,120.56,3.90
2838,120.56,3.90
2840,119.50,3.90
2841,119.50,3.90
2843,119.50,3.90
2846,118.45,3.90
2847,118.45,3.90
2849,118.45,3.90
2851,117.04,3.90
2853,117.04,3.90
2854,115.99,3.90
2856,115.99,3.90
2858,115.99,3.90
2860,114.58,3.90
2861,114.58,3.90
2863,114.58,3.90
2865,113.17,3.90
2866,113.17,3.90
2868,113.17,3.90
2870,111.76,3.90
2872,111.76,3.90
2873,111.76,3.90
2875,110.35,3.90
2877,110.35,3.90
2878,110.35,3.90
2880,108.95,3.90
2882,108.95,3.90
2883,107.54,3.90
2886,107.54,3.90
2888,107.54,3.90
2890,105.78,3.90
2892,105.78,3.90
2893,105.78,3.90
2895,104.37,3.90
2897,104.37,3.90
2898,104.37,3.90
2900,102.61,3.90
2902,102.61,3.90
2903,102.61,3.90
2906,100.85,3.90
2907,100.85,3.90
2909,99.09,3.90
2911,99.09,3.90
2912,99.09,3.90
2914,96.98,3.90
2916,96.98,3.90
2917,96.98,3.90
2918,95.22,3.90
2920,95.22,3.90
2922,95.22,3.90
2923,93.11,3.90
2925,93.11,3.90
2927,93.11,3.90
2928,91.35,3.90
2931,91.35,3.90
2933,91.35,3.90
2934,89.24,3.90
2936,89.24,3.90
2937,89.24,3.90
2939,89.24,3.90
2941,87.13,3.90
2942,87.13,3.90
2944,87.13,3.90
2946,84.66,3.90
2947,84.66,3.90
2949,84.66,3.90
2951,82.55,3.90
2952,82.55,3.90
2954,82.55,3.90
2956,80.09,3.90
2957,80.09,3.90
2958,77.98,3.90
2961,77.98,3.90
2962,77.98,3.90
2963,75.52,3.90
2965,75.52,3.90
2967,75.52,3.90
2968,73.05,3.90
2970,73.05,3.90
2972,73.05,3.90
2974,70.59,3.90
2976,70.59,3.90
2978,70.59,3.90
2979,67.77,3.90
2981,67.77,3.90
2983,67.77,3.90
2984,65.31,3.90
2986,65.31,3.90
2987,65.31,3.90
2989,62.49,3.90
2991,62.49,3.90
2992,62.49,3.90
2994,59.68,3.90
2996,59.68,3.90
2997,59.68,3.90
2999,56.86,3.90
3001,56.86,3.90
3002,56.86,3.90
3004,54.05,3.90
3006,54.05,3.90
3007,54.05,3.90
3008,51.23,3.90
3011,51.23,3.90
3012,51.23,3.90
3013,48.42,3.90
3016,48.42,3.90
3018,48.42,3.90
3019,45.25,3.90
3021,45.25,3.90
3023,45.25,3.90
3024,42.44,3.90
3026,42.44,3.90
3028,42.44,3.90
3029,39.27,3.90
3031,39.27,3.90
3033,39.27,3.90
3034,36.10,3.90
3036,36.10,3.90
3037,36.10,3.90
3039,32.93,3.90
3041,32.93,3.90
3042,32.93,3.90
3044,29.77,3.90
3046,29.77,3.90
3047,29.77,3.90
3049,26.95,3.90
3051,26.95,3.90
3052,26.95,3.90
3054,23.43,3.90
3056,23.43,3.90
3057,23.43,3.90
3059,20.26,3.90
3062,20.26,3.90
3063,20.26,3.90
3064,17.10,3.90
3066,17.10,3.90
3068,17.10,3.90
3069,13.58,3.90
3071,13.58,3.90
3073,13.58,3.90
3074,10.41,3.90
3076,10.41,3.90
3078,10.41,3.90
3079,7.24,3.90
3081,7.24,3.90
3082,7.24,3.90
3084,3.72,3.90
3086,3.72,3.90
3087,3.72,3.90
3088,3.72,3.90
3090,0.21,3.90
3092,0.21,3.90
3093,0.21,3.90
3095,-2.96,3.90
3096,-2.96,3.90
3098,-2.96,3.90
3100,-6.48,3.90
3102,-6.48,3.90
3104,-6.48,3.90
3106,-10.00,3.90
3107,-10.00,3.90
3109,-10.00,3.90
3111,346.49,3.90
3112,346.49,3.90
3114,343.32,3.90
3116,343.32,3.90
3117,343.32,3.90
3119,339.80,3.90
3121,339.80,3.90
3123,339.80,3.90
3125,336.64,3.90
3126,336.64,3.90
3128,336.64,3.90
3130,333.12,3.90
3131,333.12,3.90
3133,333.12,3.90
3135,329.95,3.90
3137,329.95,3.90
3138,329.95,3.90
3140,326.43,3.90
3142,326.43,3.90
3144,323.26,3.90
3146,323.26,3.90
3148,323.26,3.90
3149,320.10,3.90
3152,320.10,3.90
3153,320.10,3.90
3155,316.58,3.90
3157,316.58,3.90
3158,316.58,3.90
3160,313.41,3.90
3162,313.41,3.90
3163,313.41,3.90
3165,310.24,3.90
3167,310.24,3.90
3168,310.24,3.90
3171,307.07,3.90
3172,307.07,3.90
3174,304.26,3.90
3176,304.26,3.90
3177,304.26,3.90
3180,301.09,3.90
3181,301.09,3.90
3182,301.09,3.90
3185,297.93,3.90
3187,297.93,3.90
3189,297.93,3.90
3191,295.11,3.90
3192,295.11,3.90
3194,295.11,3.90
3196,291.94,3.90
3197,291.94,3.90
3199,289.13,3.90
3201,289.13,3.90
3203,289.13,3.90
3204,286.31,3.90
3206,286.31,3.90
3208,286.31,3.90
3210,283.50,3.90
3211,283.50,3.90
3213,283.50,3.90
3215,280.68,3.90
3216,280.68,3.90
3218,280.68,3.90
3220,278.22,3.90
3222,278.22,3.90
3223,278.22,3.90
3225,275.40,3.90
3227,275.40,3.90
3228,272.94,3.90
3231,272.94,3.90
3233,272.94,3.90
3235,270.48,3.90
3237,270.48,3.90
3238,270.48,3.90
3240,267.66,3.90
3242,267.66,3.90
3243,267.66,3.90
3245,265.55,3.90
3247,265.55,3.90
3248,265.55,3.90
3251,263.09,3.90
3252,263.09,3.90
3253,263.09,3.90
3256,262.03,3.90
3257,262.03,3.90
3259,262.03,3.90
3261,262.03,3.90
3262,262.03,3.90
3264,262.03,3.90
3266,262.03,3.90
3267,262.03,3.90
3269,262.03,3.90
3272,262.03,3.90
3273,262.03,3.90
3276,262.03,3.90
3277,262.03,3.90
3278,262.03,3.90
3281,262.03,3.90
3282,262.03,3.90
3284,262.03,3.90
3286,262.03,3.90
3287,262.03,3.90
3289,262.03,3.90
3291,262.03,3.90
3292,262.03,3.90
3294,262.03,3.90
3296,262.03,3.90
3297,262.03,3.90
3299,262.03,3.90
3301,262.03,3.90
3302,262.03,3.90
3305,259.92,3.90
3306,259.92,3.90
3308,259.92,3.90
3310,258.16,3.90
3311,258.16,3.90
3313,258.16,3.90
3316,256.40,3.90
3317,256.40,3.90
3319,256.40,3.90
3321,254.64,3.90
3322,254.64,3.90
3324,254.64,3.90
3326,253.23,3.90
3328,253.23,3.90
3329,251.82,3.90
3331,251.82,3.90
3333,251.82,3.90
3335,250.42,3.90
3336,250.42,3.90
3338,250.42,3.90
3340,249.01,3.90
3341,249.01,3.90
3343,249.01,3.90
3345,247.60,3.90
3347,247.60,3.90
3348,247.60,3.90
3350,246.19,3.90
3352,246.19,3.90
3353,245.14,3.90
3355,245.14,3.90
3358,245.14,3.90
3359,244.08,3.90
3362,244.08,3.90
3363,244.08,3.90
3365,243.03,3.90
3367,243.03,3.90
3368,243.03,3.90
3370,241.97,3.90
3372,241.97,3.90
3373,241.97,3.90
3376,240.91,3.90
3377,240.91,3.90
3379,240.91,3.90
3381,239.86,3.90
3382,239.86,3.90
3384,238.80,3.90
3386,238.80,3.90
3387,238.80,3.90
3390,238.10,3.90
3391,238.10,3.90
3392,238.10,3.90
3395,237.40,3.90
3396,237.40,3.90
3398,237.40,3.90
3401,236.34,3.90
3402,236.34,3.90
3404,236.34,3.90
3406,235.64,3.90
3407,235.64,3.90
3409,235.64,3.90
3411,234.93,3.90
3413,234.93,3.90
3414,234.23,3.90
3416,234.23,3.90
3418,234.23,3.90
3420,233.88,3.90
3421,233.88,3.90
3423,233.88,3.90
3425,233.17,3.90
3426,233.17,3.90
3428,233.17,3.90
3430,232.82,3.90
3432,232.82,3.90
3433,232.82,3.90
3435,232.12,3.90
3437,232.12,3.90
3438,231.77,3.90
3440,231.77,3.90
3443,231.77,3.90
3444,231.41,3.90
3447,231.41,3.90
3448,231.41,3.90
3450,231.06,3.90
3452,231.06,3.90
3453,231.06,3.90
3455,230.71,3.90
3457,230.71,3.90
3458,230.71,3.90
3461,230.71,3.90
3462,230.71,3.90
3464,230.71,3.90
3466,230.36,3.90
3467,230.36,3.90
3469,230.36,3.90
3471,230.36,3.90
3472,230.36,3.90
3474,230.01,3.90
3476,230.01,3.90
3477,230.01,3.90
3480,230.01,3.90
3481,230.01,3.90
3482,230.01,3.90
3486,230.01,3.90
3487,230.01,3.90
3488,230.01,3.90
3491,230.01,3.90
3492,230.01,3.90
3494,230.01,3.90
3496,230.01,3.90
3497,230.01,3.90
3499,230.01,3.90
3501,230.01,3.90
3502,230.01,3.90
3504,230.01,3.90
3506,230.36,3.90
3507,230.36,3.90
3509,230.36,3.90
3511,230.36,3.90
3512,230.36,3.90
3514,230.71,3.90
3516,230.71,3.90
3518,230.71,3.90
3520,231.06,3.90
3521,231.06,3.90
3523,231.06,3.90
3525,231.41,3.90
3526,231.41,3.90
3529,231.41,3.90
3531,231.41,3.90
3532,231.41,3.90
3534,231.41,3.90
3536,231.77,3.90
3538,231.77,3.90
3539,232.47,3.90
3541,232.47,3.90
3543,232.47,3.90
3544,232.82,3.90
3546,232.82,3.90
3548,232.82,3.90
3550,233.17,3.90
3551,233.17,3.90
3553,233.17,3.90
3555,233.88,3.90
3557,233.88,3.90
3558,233.88,3.90
3560,234.58,3.90
3562,234.58,3.90
3563,234.58,3.90
3565,235.28,3.90
3567,235.28,3.90
3568,235.99,3.90
3572,235.99,3.90
3573,235.99,3.90
3575,236.69,3.90
3577,236.69,3.90
3578,236.69,3.90
3580,237.40,3.90
3582,237.40,3.90
3583,237.40,3.90
3585,238.10,3.90
3587,238.10,3.90
3588,238.10,3.90
3591,239.16,3.90
3592,239.16,3.90
3594,239.16,3.90
3596,239.86,3.90
3597,239.86,3.90
3599,240.91,3.90
3601,240.91,3.90
3602,240.91,3.90
3605,241.97,3.90
3606,241.97,3.90
3608,241.97,3.90
3610,243.03,3.90
3611,243.03,3.90
3614,243.03,3.90
3616,244.08,3.90
3617,244.08,3.90
3619,244.08,3.90
3621,245.49,3.90
3622,245.49,3.90
3624,246.55,3.90
3626,246.55,3.90
3628,246.55,3.90
3629,247.95,3.90
3631,247.95,3.90
3633,247.95,3.90
3635,249.01,3.90
3636,249.01,3.90
3638,249.01,3.90
3640,250.42,3.90
3642,250.42,3.90
3643,250.42,3.90
3645,251.82,3.90
3647,251.82,3.90
3648,251.82,3.90
3650,253.23,3.90
3652,253.23,3.90
3653,254.99,3.90
3657,254.99,3.90
3658,254.99,3.90
3660,256.40,3.90
3662,256.40,3.90
3663,256.40,3.90
3665,258.16,3.90
3667,258.16,3.90
3668,258.16,3.90
3670,259.92,3.90
3672,259.92,3.90
3673,259.92,3.90
3676,262.03,3.90
3677,262.03,3.90
3679,262.03,3.90
3681,262.03,3.90
3682,262.03,3.90
3684,262.03,3.90
3686,262.03,3.90
3687,262.03,3.90
3689,262.03,3.90
3691,262.03,3.90
3692,262.03,3.90
3694,262.03,3.90
3696,262.03,3.90
3697,262.03,3.90
3700,262.03,3.90
3702,262.03,3.90
3703,262.03,3.90
3706,262.03,3.90
3707,262.03,3.90
3709,262.03,3.90
3711,262.03,3.90
3712,262.03,3.90
3714,262.03,3.90
3716,262.03,3.90
3717,262.03,3.90
3719,262.03,3.90
3721,262.03,3.90
3722,262.03,3.90
3724,263.09,3.90
3726,263.09,3.90
3727,263.09,3.90
3729,265.20,3.90
3731,265.20,3.90
3733,265.20,3.90
3735,267.66,3.90
3736,267.66,3.90
3738,267.66,3.90
3740,270.12,3.90
3742,270.12,3.90
3744,270.12,3.90
3746,272.59,3.90
3747,272.59,3.90
3749,272.59,3.90
3751,275.05,3.90
3752,275.05,3.90
3754,277.87,3.90
3756,277.87,3.90
3758,277.87,3.90
3759,280.33,3.90
3761,280.33,3.90
3763,280.33,3.90
3765,283.14,3.90
3766,283.14,3.90
3768,283.14,3.90
3770,285.96,3.90
3772,285.96,3.90
3773,285.96,3.90
3775,288.78,3.90
3777,288.78,3.90
3778,288.78,3.90
3780,291.59,3.90
3782,291.59,3.90
3784,294.41,3.90
3787,294.41,3.90
3788,294.41,3.90
3790,297.57,3.90
3792,297.57,3.90
3793,297.57,3.90
3795,300.74,3.90
3797,300.74,3.90
3798,300.74,3.90
3800,303.56,3.90
3802,303.56,3.90
3803,303.56,3.90
3806,306.72,3.90
3807,306.72,3.90
3809,306.72,3.90
3811,309.54,3.90
3812,309.54,3.90
3814,312.71,3.90
3816,312.71,3.90
3817,312.71,3.90
3820,315.87,3.90
3821,315.87,3.90
3823,315.87,3.90
3825,319.04,3.90
3827,319.04,3.90
3829,319.04,3.90
3831,322.56,3.90
3832,322.56,3.90
3834,322.56,3.90
3836,325.73,3.90
3837,325.73,3.90
3839,325.73,3.90
3841,328.89,3.90
3842,328.89,3.90
3844,332.06,3.90
3846,332.06,3.90
3848,332.06,3.90
3849,335.58,3.90
3851,335.58,3.90
3853,335.58,3.90
3855,338.75,3.90
3856,338.75,3.90
3858,338.75,3.90
3860,342.27,3.90
3862,342.27,3.90
3863,342.27,3.90
3865,345.43,3.90
3867,345.43,3.90
3868,345.43,3.90
3871,348.95,3.90
3873,348.95,3.90
3874,-7.89,3.90
3876,-7.89,3.90
3878,-7.89,3.90
3879,-4.72,3.90
3881,-4.72,3.90
3883,-4.72,3.90
3884,-1.20,3.90
3886,-1.20,3.90
3888,-1.20,3.90
3889,2.32,3.90
3891,2.32,3.90
3892,2.32,3.90
3894,5.48,4.12
3896,5.48,4.12
3897,5.48,4.12
3898,5.48,4.12
3900,8.65,4.12
3902,8.65,4.12
3903,8.65,4.12
3905,12.17,4.12
3906,12.17,4.12
3908,12.17,4.12
3910,15.34,4.12
3912,15.34,4.12
3914,15.34,4.12
3916,18.51,4.12
3917,18.51,4.12
3919,18.51,4.12
3921,21.67,4.12
3922,21.67,4.12
3923,21.67,4.12
3926,24.84,4.12
3927,24.84,4.12
3928,24.84,4.12
3930,28.01,4.12
3932,28.01,4.12
3933,28.01,4.12
3935,31.17,4.12
3937,31.17,4.12
3938,31.17,4.12
3940,33.99,4.12
3942,33.99,4.12
3943,33.99,4.12
3945,36.80,4.12
3946,36.80,4.12
3948,36.80,4.12
3950,39.97,4.12
3951,39.97,4.12
3953,39.97,4.12
3956,43.14,4.12
3957,43.14,4.12
3959,43.14,4.12
3961,45.95,4.12
3962,45.95,4.12
3964,45.95,4.12
3966,48.77,4.12
3967,48.77,4.12
3968,48.77,4.12
3970,51.59,4.12
3972,51.59,4.12
3973,51.59,4.12
3975,54.40,4.12
3977,54.40,4.12
3978,54.40,4.12
3980,57.22,4.12
3982,57.22,4.12
3983,57.22,4.12
3985,59.68,4.12
3987,59.68,4.12
3988,59.68,4.12
3990,62.14,4.12
3991,62.14,4.12
3993,62.14,4.12
3995,64.96,4.12
3996,64.96,4.12
3999,64.96,4.12
4001,67.42,4.12
4002,67.42,4.12
4004,67.42,4.12
4006,69.88,4.12
4007,69.88,4.12
4009,69.88,4.12
4011,72.35,4.12
4012,72.35,4.12
4014,72.35,4.12
4016,74.81,4.12
4017,74.81,4.12
4018,74.81,4.12
4020,76.92,4.12
4022,76.92,4.12
4023,76.92,4.12
4025,79.03,4.12
4027,79.03,4.12
4028,79.03,4.12
4030,81.15,4.12
4032,81.15,4.12
4033,81.15,4.12
4035,83.26,4.12
4037,83.26,4.12
4038,83.26,4.12
4041,85.37,4.12
4042,85.37,4.12
4044,85.37,4.12
4046,87.48,4.12
4047,87.48,4.12
4049,87.48,4.12
4051,89.24,4.12
4052,89.24,4.12
4054,89.24,4.12
4056,91.35,4.12
4057,91.35,4.12
4059,91.35,4.12
4061,93.11,4.12
4062,93.11,4.12
4064,93.11,4.12
4066,94.87,4.12
4067,94.87,4.12
4068,94.87,4.12
4070,96.63,4.12
4072,96.63,4.12
4073,96.63,4.12
4075,98.04,4.12
4077,98.04,4.12
4078,98.04,4.12
4080,99.80,4.12
4083,99.80,4.12
4084,99.80,4.12
4086,101.56,4.12
4088,101.56,4.12
4089,102.96,4.12
4091,102.96,4.12
4093,102.96,4.12
4094,104.37,4.12
4096,104.37,4.12
4098,104.37,4.12
4100,105.78,4.12
4102,105.78,4.12
4103,105.78,4.12
4105,107.19,4.12
4107,107.19,4.12
4108,107.19,4.12
4110,108.24,4.12
4112,108.24,4.12
4113,108.24,4.12
4116,109.30,4.12
4117,109.30,4.12
4119,110.71,4.12
4121,110.71,4.12
4122,110.71,4.12
4124,111.76,4.12
4127,111.76,4.12
4128,111.76,4.12
4131,112.82,4.12
4132,112.82,4.12
4134,112.82,4.12
4136,113.87,4.12
4137,113.87,4.12
4139,113.87,4.12
4141,114.93,4.12
4142,114.93,4.12
4144,114.93,4.12
4146,115.63,4.12
4147,115.63,4.12
4149,116.69,4.12
4151,116.69,4.12
4153,116.69,4.12
4155,117.39,4.12
4156,117.39,4.12
4158,117.39,4.12
4160,118.10,4.12
4161,118.10,4.12
4163,118.10,4.12
4165,119.15,4.12
4168,119.15,4.12
4169,119.15,4.12
4171,119.86,4.12
4173,119.86,4.12
4174,120.21,4.12
4176,120.21,4.12
4178,120.21,4.12
4179,120.91,4.12
4182,120.91,4.12
4183,120.91,4.12
4185,121.26,4.12
4187,121.26,4.12
4188,121.26,4.12
4190,121.97,4.12
4192,121.97,4.12
4193,121.97,4.12
4195,122.32,4.12
4197,122.32,4.12
4198,122.32,4.12
4201,122.67,4.12
4202,122.67,4.12
4204,123.02,4.12
4206,123.02,4.12
4207,123.02,4.12
4209,123.38,4.12
4212,123.38,4.12
4213,123.38,4.12
4216,123.73,4.12
4217,123.73,4.12
4218,123.73,4.12
4221,124.08,4.12
4222,124.08,4.12
4224,124.08,4.12
4226,124.08,4.12
4227,124.08,4.12
4229,124.08,4.12
4231,124.08,4.12
4232,124.08,4.12
4234,124.43,4.12
4236,124.43,4.12
4237,124.43,4.12
4239,124.43,4.12
4241,124.43,4.12
4243,124.43,4.12
4245,124.43,4.12
4246,124.43,4.12
4248,124.43,4.12
4250,124.43,4.12
4251,124.43,4.12
4254,124.43,4.12
4256,124.08,4.12
4257,124.08,4.12
4259,124.08,4.12
4261,124.08,4.12
4262,124.08,4.12
4264,124.08,4.12
4266,123.73,4.12
4268,123.73,4.12
4269,123.38,4.12
4271,123.38,4.12
4273,123.38,4.12
4274,123.02,4.12
4276,123.02,4.12
4278,123.02,4.12
4280,123.02,4.12
4282,123.02,4.12
4283,123.02,4.12
4285,122.67,4.12
4287,122.67,4.12
4288,122.67,4.12
4290,121.97,4.12
4292,121.97,4.12
4293,121.97,4.12
4296,121.62,4.12
4298,121.62,4.12
4299,121.26,4.12
4302,121.26,4.12
4303,121.26,4.12
4305,120.56,4.12
4307,120.56,4.12
4308,120.56,4.12
4310,119.86,4.12
4312,119.86,4.12
4313,119.86,4.12
4316,119.15,4.12
4317,119.15,4.12
4319,119.15,4.12
4321,118.45,4.12
4322,118.45,4.12
4324,118.45,4.12
4326,117.74,4.12
4327,117.74,4.12
4329,117.04,4.12
4331,117.04,4.12
4333,117.04,4.12
4335,115.99,4.12
4336,115.99,4.12
4339,115.99,4.12
4341,115.28,4.12
4342,115.28,4.12
4344,115.28,4.12
4346,114.23,4.12
4347,114.23,4.12
4349,114.23,4.12
4351,113.17,4.12
4353,113.17,4.12
4354,112.11,4.12
4356,112.11,4.12
4358,112.11,4.12
4359,111.06,4.12
4361,111.06,4.12
4363,111.06,4.12
4365,110.00,4.12
4367,110.00,4.12
4368,110.00,4.12
4370,108.60,4.12
4372,108.60,4.12
4373,108.60,4.12
4375,107.54,4.12
4377,107.54,4.12
4378,107.54,4.12
4382,106.13,4.12
4383,106.13,4.12
4385,104.72,4.12
4387,104.72,4.12
4388,104.72,4.12
4390,103.67,4.12
4392,103.67,4.12
4393,103.67,4.12
4395,102.26,4.12
4397,102.26,4.12
4398,102.26,4.12
4401,100.50,4.12
4402,100.50,4.12
4404,100.50,4.12
4406,98.74,4.12
4407,98.74,4.12
4409,98.74,4.12
4411,97.33,4.12
4412,97.33,4.12
4413,97.33,4.12
4415,95.57,4.12
4417,95.57,4.12
4418,95.57,4.12
4420,93.81,4.12
4422,93.81,4.12
4424,93.81,4.12
4426,92.06,4.12
4428,92.06,4.12
4429,92.06,4.12
4431,90.30,4.12
4433,90.30,4.12
4434,90.30,4.12
4436,88.18,4.12
4438,88.18,4.12
4439,88.18,4.12
4441,86.42,4.12
4442,86.42,4.12
4444,86.42,4.12
4446,84.31,4.12
4447,84.31,4.12
4449,84.31,4.12
4451,82.20,4.12
4452,82.20,4.12
4454,82.20,4.12
4456,80.09,4.12
4457,80.09,4.12
4459,77.98,4.12
4461,77.98,4.12
4462,77.98,4.12
4463,75.87,4.12
4465,75.87,4.12
4468,75.87,4.12
4469,73.40,4.12
4471,73.40,4.12
4473,73.40,4.12
4474,71.29,4.12
4476,71.29,4.12
4478,71.29,4.12
4479,68.83,4.12
4481,68.83,4.12
4483,68.83,4.12
4484,66.37,4.12
4486,66.37,4.12
4488,66.37,4.12
4489,63.90,4.12
4491,63.90,4.12
4492,63.90,4.12
4494,61.09,4.12
4496,61.09,4.12
4497,61.09,4.12
4499,58.62,4.12
4501,58.62,4.12
4502,58.62,4.12
4504,55.81,4.12
4506,55.81,4.12
4507,55.81,4.12
4510,53.34,4.12
4512,53.34,4.12
4513,53.34,4.12
4514,50.53,4.12
4516,50.53,4.12
4518,50.53,4.12
4519,47.71,4.12
4521,47.71,4.12
4523,47.71,4.12
4524,44.55,4.12
4526,44.55,4.12
4528,44.55,4.12
4529,41.73,4.12
4531,41.73,4.12
4533,41.73,4.12
4534,38.92,4.12
4536,38.92,4.12
4538,38.92,4.12
4539,35.75,4.12
4541,35.75,4.12
4542,35.75,4.12
4544,32.93,4.12
4546,32.93,4.12
4547,32.93,4.12
4549,30.12,4.12
4552,30.12,4.12
4553,30.12,4.12
4555,26.95,4.12
4557,26.95,4.12
4558,26.95,4.12
4560,23.78,4.12
4562,23.78,4.12
4563,23.78,4.12
4564,20.62,4.12
4566,20.62,4.12
4568,20.62,4.12
4569,17.45,4.12
4571,17.45,4.12
4573,17.45,4.12
4574,14.28,4.12
4576,14.28,4.12
4578,14.28,4.12
4579,11.11,4.12
4581,11.11,4.12
4583,11.11,4.12
4585,7.95,4.12
4586,7.95,4.12
4587,7.95,4.12
4589,4.78,4.12
4591,4.78,4.12
4592,4.78,4.12
4593,4.78,4.12
4596,1.26,4.12
4598,1.26,4.12
4599,1.26,4.12
4601,-1.91,4.12
4602,-1.91,4.12
4604,-1.91,4.12
4606,-5.07,4.12
4607,-5.07,4.12
4609,-5.07,4.12
4611,-8.59,4.12
4612,-8.59,4.12
4614,-8.59,4.12
4616,348.25,4.12
4617,348.25,4.12
4619,348.25,4.12
4621,345.08,4.12
4622,345.08,4.12
4624,341.91,4.12
4626,341.91,4.12
4627,341.91,4.12
4629,338.40,4.12
4631,338.40,4.12
4633,338.40,4.12
4635,335.23,4.12
4636,335.23,4.12
4639,335.23,4.12
4641,332.06,4.12
4642,332.06,4.12
4644,332.06,4.12
4646,328.89,4.12
4648,328.89,4.12
4649,328.89,4.12
4651,325.73,4.12
4653,325.73,4.12
4654,322.56,4.12
4656,322.56,4.12
4658,322.56,4.12
4660,319.39,4.12
4662,319.39,4.12
4663,319.39,4.12
4665,316.22,4.12
4667,316.22,4.12
4668,316.22,4.12
4670,313.06,4.12
4672,313.06,4.12
4673,313.06,4.12
4675,309.89,4.12
4677,309.89,4.12
4678,307.07,4.12
4682,307.07,4.12
4683,307.07,4.12
4685,303.91,4.12
4687,303.91,4.12
4688,303.91,4.12
4690,301.09,4.12
4692,301.09,4.12
4693,301.09,4.12
4696,298.28,4.12
4697,298.28,4.12
4699,298.28,4.12
4701,295.46,4.12
4702,295.46,4.12
4704,295.46,4.12
4706,292.65,4.12
4707,292.65,4.12
4709,289.83,4.12
4711,289.83,4.12
4712,289.83,4.12
4715,287.02,4.12
4716,287.02,4.12
4718,287.02,4.12
4720,284.55,4.12
4721,284.55,4.12
4724,284.55,4.12
4726,281.74,4.12
4727,281.74,4.12
4729,281.74,4.12
4731,279.27,4.12
4733,279.27,4.12
4734,276.81,4.12
4736,276.81,4.12
4738,276.81,4.12
4739,274.35,4.12
4741,274.35,4.12
4743,274.35,4.12
4745,271.88,4.12
4747,271.88,4.12
4748,271.88,4.12
4750,269.42,4.12
4752,269.42,4.12
4753,269.42,4.12
4755,267.31,4.12
4757,267.31,4.12
4758,267.31,4.12
4761,264.85,4.12
4762,264.85,4.12
4763,262.73,4.12
4767,262.73,4.12
4768,262.73,4.12
4770,262.03,4.12
4772,262.03,4.12
4773,262.03,4.12
4775,262.03,4.12
4777,262.03,4.12
4778,262.03,4.12
4781,262.03,4.12
4782,262.03,4.12
4783,262.03,4.12
4786,262.03,4.12
4787,262.03,4.12
4789,262.03,4.12
4791,262.03,4.12
4792,262.03,4.12
4794,262.03,4.12
4796,262.03,4.12
4797,262.03,4.12
4799,262.03,4.12
4801,262.03,4.12
4802,262.03,4.12
4804,262.03,4.12
4806,262.03,4.12
4808,262.03,4.12
4811,262.03,4.12
4812,262.03,4.12
4814,262.03,4.12
4816,262.03,4.12
4817,262.03,4.12
4819,262.03,4.12
4821,261.68,4.12
4822,261.68,4.12
4824,261.68,4.12
4826,259.92,4.12
4827,259.92,4.12
4829,259.92,4.12
4831,258.51,4.12
4833,258.51,4.12
4834,257.10,4.12
4836,257.10,4.12
4838,257.10,4.12
4840,255.70,4.12
4841,255.70,4.12
4843,255.70,4.12
4845,254.29,4.12
4846,254.29,4.12
4848,254.29,4.12
4851,253.23,4.12
4853,253.23,4.12
4854,253.23,4.12
4856,252.18,4.12
4858,252.18,4.12
4859,250.77,4.12
4861,250.77,4.12
4863,250.77,4.12
4864,249.71,4.12
4867,249.71,4.12
4868,249.71,4.12
4870,248.66,4.12
4872,248.66,4.12
4873,248.66,4.12
4875,247.60,4.12
4877,247.60,4.12
4878,247.60,4.12
4881,246.90,4.12
4882,246.90,4.12
4884,246.90,4.12
4886,245.84,4.12
4887,245.84,4.12
4889,245.14,4.12
4891,245.14,4.12
4892,245.14,4.12
4896,244.43,4.12
4897,244.43,4.12
4898,244.43,4.12
4901,243.73,4.12
4902,243.73,4.12
4904,243.73,4.12
4906,243.03,4.12
4907,243.03,4.12
4909,243.03,4.12
4911,242.32,4.12
4912,242.32,4.12
4914,241.62,4.12
4916,241.62,4.12
4918,241.62,4.12
4919,241.27,4.12
4921,241.27,4.12
4923,241.27,4.12
4925,240.56,4.12
4926,240.56,4.12
4928,240.56,4.12
4930,240.21,4.12
4932,240.21,4.12
4933,240.21,4.12
4936,239.86,4.12
4938,239.86,4.12
4939,239.86,4.12
4941,239.51,4.12
4943,239.51,4.12
4944,239.51,4.12
4946,239.51,4.12
4948,239.51,4.12
4949,239.16,4.12
4951,239.16,4.12
4953,239.16,4.12
4955,238.80,4.12
4957,238.80,4.12
4958,238.80,4.12
4960,238.80,4.12
4962,238.80,4.12
4963,238.80,4.12
4965,238.80,4.12
4967,238.80,4.12
4968,238.80,4.12
4970,238.80,4.12
4972,238.80,4.12
4973,238.80,4.12
4975,238.80,4.12
4977,238.80,4.12
4979,238.80,4.12
4982,238.80,4.12
4983,238.80,4.12
4985,238.80,4.12
4987,238.80,4.12
4988,238.80,4.12
4990,238.80,4.12
4992,238.80,4.12
4993,238.80,4.12
4995,239.16,4.12
4997,239.16,4.12
4998,239.16,4.12
5000,239.16,4.12
5002,239.16,4.12
5003,239.16,4.12
5006,239.51,4.12
5007,239.51,4.12
5009,239.51,4.12
5011,239.86,4.12
5012,239.86,4.12
5014,240.21,4.12
5016,240.21,4.12
5017,240.21,4.12
5019,240.91,4.12
5022,240.91,4.12
5023,240.91,4.12
5026,241.27,4.12
5027,241.27,4.12
5029,241.27,4.12
5031,241.62,4.12
5032,241.62,4.12
5034,241.62,4.12
5036,242.32,4.12
5037,242.32,4.12
5039,242.32,4.12
5041,243.03,4.12
5043,243.03,4.12
5044,243.73,4.12
5046,243.73,4.12
5048,243.73,4.12
5050,244.43,4.12
5051,244.43,4.12
5053,244.43,4.12
5055,245.14,4.12
5057,245.14,4.12
5058,245.14,4.12
5060,245.84,4.12
5062,245.84,4.12
5064,245.84,4.12
5066,246.55,4.12
5068,246.55,4.12
5069,247.60,4.12
5071,247.60,4.12
5073,247.60,4.12
5074,248.66,4.12
5077,248.66,4.12
5078,248.66,4.12
5080,249.71,4.12
5082,249.71,4.12
5083,249.71,4.12
5085,250.77,4.12
5087,250.77,4.12
5088,250.77,4.12
5090,251.82,4.12
5092,251.82,4.12
5093,251.82,4.12
5096,252.88,4.12
5097,252.88,4.12
5099,254.29,4.12
5101,254.29,4.12
5102,254.29,4.12
5104,255.70,4.12
5107,255.70,4.12
5108,255.70,4.12
5111,256.75,4.12
5112,256.75,4.12
5114,256.75,4.12
5116,258.16,4.12
5117,258.16,4.12
5119,258.16,4.12
5121,259.92,4.12
5122,259.92,4.12
5124,259.92,4.12
5126,261.68,4.12
5127,261.68,4.12
5129,262.03,4.12
5131,262.03,4.12
5133,262.03,4.12
5135,262.03,4.12
5136,262.03,4.12
5138,262.03,4.12
5140,262.03,4.12
5141,262.03,4.12
5143,262.03,4.12
5145,262.03,4.12
5146,262.03,4.12
5148,262.03,4.12
5151,262.03,4.12
5152,262.03,4.12
5154,262.03,4.12
5156,262.03,4.12
5158,262.03,4.12
5159,262.03,4.12
5161,262.03,4.12
5163,262.03,4.12
5164,262.03,4.12
5166,262.03,4.12
5168,262.03,4.12
5169,262.03,4.12
5171,262.03,4.12
5173,262.03,4.12
5174,262.03,4.12
5176,262.03,4.12
5178,262.03,4.12
5180,262.03,4.12
5181,262.03,4.12
5183,262.03,4.12
5185,264.49,4.12
5187,264.49,4.12
5188,264.49,4.12
5190,266.60,4.12
5193,266.60,4.12
5194,266.60,4.12
5196,268.72,4.12
5198,268.72,4.12
5199,271.18,4.12
5201,271.18,4.12
5203,271.18,4.12
5204,273.64,4.12
5207,273.64,4.12
5208,273.64,4.12
5210,276.11,4.12
5212,276.11,4.12
5213,276.11,4.12
5215,278.57,4.12
5217,278.57,4.12
5218,278.57,4.12
5221,281.03,4.12
5222,281.03,4.12
5224,281.03,4.12
5226,283.50,4.12
5227,283.50,4.12
5229,286.31,4.12
5231,286.31,4.12
5232,286.31,4.12
5236,288.78,4.12
5237,288.78,4.12
5239,288.78,4.12
5241,291.59,4.12
5242,291.59,4.12
5244,291.59,4.12
5246,294.41,4.12
5247,294.41,4.12
5249,294.41,4.12
5251,297.22,4.12
5252,297.22,4.12
5254,297.22,4.12
5256,300.04,4.12
5258,300.04,4.12
5259,302.15,4.12
5261,302.15,4.12
5263,302.15,4.12
5265,303.91,4.12
5266,303.91,4.12
5268,303.91,4.12
5270,305.32,4.12
5271,305.32,4.12
5273,305.32,4.12
5275,306.72,4.12
5278,306.72,4.12
5279,306.72,4.12
5281,308.13,4.12
5283,308.13,4.12
5284,309.54,4.12
5286,309.54,4.12
5288,309.54,4.12
5289,310.95,4.12
5292,310.95,4.12
5293,310.95,4.12
5295,312.35,4.12
5297,312.35,4.12
5298,312.35,4.12
5300,313.76,4.12
5302,313.76,4.12
5303,313.76,4.12
5305,315.52,4.12
5307,315.52,4.12
5308,315.52,4.12
5311,317.28,4.12
5312,317.28,4.12
5314,317.28,4.12
5316,319.39,4.12
5317,319.39,4.12
5320,321.15,4.12
5322,321.15,4.12
5323,321.15,4.12
5326,323.26,4.12
5327,323.26,4.12
5328,323.26,4.12
5331,325.37,4.12
5332,325.37,4.12
5334,325.37,4.12
5336,327.49,4.12
5337,327.49,4.12
5339,327.49,4.12
5341,329.95,4.12
5342,329.95,4.12
5344,329.95,4.12
5346,332.06,4.12
5347,332.06,4.12
5349,334.52,4.12
5351,334.52,4.12
5353,334.52,4.12
5355,336.64,4.12
5356,336.64,4.12
5358,336.64,4.12
5360,339.10,4.12
5361,339.10,4.12
5364,339.10,4.12
5366,341.21,4.12
5368,341.21,4.12
5369,341.21,4.12
5371,343.67,4.12
5373,343.67,4.12
5374,345.79,4.12
5376,345.79,4.12
5378,345.79,4.12
5379,348.25,4.12
5381,348.25,4.12
5383,348.25,4.12
5385,-9.65,4.12
5386,-9.65,4.12
5388,-9.65,4.12
5390,-7.54,4.12
5391,-7.54,4.12
5393,-7.54,4.12
5395,-5.07,4.12
5396,-5.07,4.12
5398,-5.07,4.12
5400,-2.96,4.12
5401,-2.96,4.12
5403,-2.96,4.12
5406,-0.85,4.12
5407,-0.85,4.12
5409,-0.85,4.12
5411,1.26,4.12
5412,1.26,4.12
5413,1.26,4.12
5415,3.37,4.12
5417,3.37,4.12
5418,3.37,4.12
5419,5.48,4.12
5421,5.48,4.12
5423,5.48,4.12
5424,5.48,4.12
5426,7.60,4.12
5427,7.60,4.12
5428,7.60,4.12
5430,9.71,4.12
5432,9.71,4.12
5433,9.71,4.12
5435,11.47,4.12
5437,11.47,4.12
5438,11.47,4.12
5440,13.58,4.12
5441,13.58,4.12
5443,13.58,4.12
5445,15.34,4.12
5446,15.34,4.12
5449,15.34,4.12
5451,17.45,4.12
5452,17.45,4.12
5454,17.45,4.12
5456,19.21,4.12
5457,19.21,4.12
5459,19.21,4.12
5461,20.97,4.12
5462,20.97,4.12
5463,20.97,4.12
5465,22.73,4.12
5467,22.73,4.12
5468,22.73,4.12
5470,24.49,4.12
5472,24.49,4.12
5473,24.49,4.12
5475,26.25,4.12
5477,26.25,4.12
5478,26.25,4.12
5480,28.01,4.12
5482,28.01,4.12
5483,28.01,4.12
5485,29.41,4.12
5487,29.41,4.12
5488,29.41,4.12
5491,31.17,4.12
5492,31.17,4.12
5494,31.17,4.12
5496,32.58,4.12
5497,32.58,4.12
5499,32.58,4.12
5501,33.99,4.12
5502,33.99,4.12
5504,33.99,4.12
5506,35.40,4.12
5507,35.40,4.12
5509,35.40,4.12
5511,36.80,4.12
5512,36.80,4.12
5513,36.80,4.12
5515,38.21,4.12
5517,38.21,4.12
5518,38.21,4.12
5520,39.62,4.12
5522,39.62,4.12
5523,39.62,4.12
5525,40.68,4.12
5527,40.68,4.12
5528,40.68,4.12
5530,41.73,4.12
5532,41.73,4.12
5534,41.73,4.12
5536,43.14,4.12
5538,43.14,4.12
5539,43.14,4.12
5541,44.19,4.12
5542,44.19,4.12
5544,44.19,4.12
5546,45.25,4.12
5547,45.25,4.12
5549,45.25,4.12
5551,46.31,4.12
5552,46.31,4.12
5554,46.31,4.12
5556,47.36,4.12
5557,47.36,4.12
5558,47.36,4.12
5561,48.42,4.12
5562,48.42,4.12
5563,48.42,4.12
5565,49.47,4.12
5567,49.47,4.12
5568,49.47,4.12
5570,50.18,4.12
5572,50.18,4.12
5573,50.18,4.12
5576,51.23,4.12
5578,51.23,4.12
5579,51.23,4.12
5581,51.94,4.12
5583,51.94,4.12
5584,51.94,4.12
5586,52.64,4.12
5587,52.64,4.12
5589,52.64,4.12
5591,53.70,4.12
5592,53.70,4.12
5594,53.70,4.12
5596,54.05,4.12
5597,54.05,4.12
5599,54.05,4.12
5601,54.75,4.12
5602,54.75,4.12
5603,54.75,4.12
5606,55.46,4.12
5607,55.46,4.12
5608,55.46,4.12
5611,56.16,4.12
5612,56.16,4.12
5613,56.16,4.12
5615,56.86,4.12
5617,56.86,4.12
5619,56.86,4.12
5621,57.22,4.12
5623,57.22,4.12
5624,57.22,4.12
5626,57.57,4.12
5628,57.57,4.12
5629,57.57,4.12
5631,58.27,4.12
5633,58.27,4.12
5634,58.27,4.12
5636,58.62,4.12
5637,58.62,4.12
5639,58.62,4.12
5641,58.98,4.12
5642,58.98,4.12
5644,58.98,4.12
5646,59.33,4.12
5647,59.33,4.12
5649,59.33,4.12
5651,59.33,4.12
5652,59.33,4.12
5653,59.33,4.12
5655,59.68,4.12
5657,59.68,4.12
5658,59.68,4.12
5660,60.03,4.12
5663,60.03,4.12
5664,60.03,4.12
5666,60.03,4.12
5668,60.03,4.12
5669,60.03,4.12
5671,60.38,4.12
5672,60.38,4.12
5674,60.38,4.12
5676,60.38,4.12
5677,60.38,4.12
5679,60.38,4.12
5681,60.38,4.12
5682,60.38,4.12
5684,60.38,4.12
5686,60.38,4.12
5687,60.38,4.12
5688,60.38,4.12
5690,60.38,4.12
5692,60.38,4.12
5693,60.38,4.12
5695,60.38,4.12
5697,60.38,4.12
5698,60.38,4.12
5700,60.38,4.12
5701,60.38,4.12
5704,60.38,4.12
5706,60.03,4.12
5707,60.03,4.12
5709,60.03,4.12
5711,60.03,4.12
5712,60.03,4.12
5714,60.03,4.12
5716,60.03,4.12
5717,60.03,4.12
5718,60.03,4.12
5720,59.68,4.12
5722,59.68,4.12
5723,59.68,4.12
5725,59.33,4.12
5727,59.33,4.12
5728,59.33,4.12
5730,58.98,4.12
5732,58.98,4.12
5733,58.98,4.12
5735,58.62,4.12
5737,58.62,4.12
5738,58.62,4.12
5740,58.27,4.12
5741,58.27,4.12
5743,58.27,4.12
5745,57.92,4.12
5747,57.92,4.12
5749,57.92,4.12
5751,57.57,4.12
5752,57.57,4.12
5754,57.57,4.12
5756,57.22,4.12
5757,57.22,4.12
5759,57.22,4.12
5761,56.51,4.12
5762,56.51,4.12
5763,56.51,4.12
5765,55.81,4.12
5767,55.81,4.12
5768,55.81,4.12
5770,55.46,4.12
5772,55.46,4.12
5773,55.46,4.12
5775,54.75,4.12
5777,54.75,4.12
5778,54.75,4.12
5780,54.05,4.12
5782,54.05,4.12
5783,54.05,4.12
5785,53.34,4.12
5786,53.34,4.12
5788,53.34,4.12
5791,52.64,4.12
5792,52.64,4.12
5794,52.64,4.12
5796,51.94,4.12
5797,51.94,4.12
5799,51.94,4.12
5801,50.88,4.12
5802,50.88,4.12
5803,50.88,4.12
5806,50.18,4.12
5807,50.18,4.12
5808,50.18,4.12
5811,49.12,4.12
5812,49.12,4.12
5813,49.12,4.12
5815,48.42,4.12
5817,48.42,4.12
5818,48.42,4.12
5820,47.36,4.12
5822,47.36,4.12
5823,47.36,4.12
5825,46.31,4.12
5827,46.31,4.12
5828,46.31,4.12
5830,45.25,4.12
5832,45.25,4.12
5834,45.25,4.12
5836,43.84,4.12
5837,43.84,4.12
5839,43.84,4.12
5841,42.79,4.12
5842,42.79,4.12
5844,42.79,4.12
5846,41.73,4.12
5847,41.73,4.12
5849,41.73,4.12
5851,40.32,4.12
5852,40.32,4.12
5853,40.32,4.12
5856,39.27,4.12
5857,39.27,4.12
5858,39.27,4.12
5860,37.86,4.12
5862,37.86,4.12
5863,37.86,4.12
5865,36.45,4.12
5867,36.45,4.12
5868,36.45,4.12
5870,35.05,4.12
5872,35.05,4.12
5873,35.05,4.12
5876,33.64,4.12
5877,33.64,4.12
5879,33.64,4.12
5881,32.23,4.12
5882,32.23,4.12
5884,32.23,4.12
5886,30.82,4.12
5887,30.82,4.12
5889,30.82,4.12
5891,29.06,4.12
5892,29.06,4.12
5894,29.06,4.12
5896,27.30,4.12
5897,27.30,4.12
5898,27.30,4.12
5900,25.19,4.12
5902,25.19,4.12
5903,25.19,4.12
5905,23.43,4.12
5907,23.43,4.12
5908,23.43,4.12
5910,21.32,4.12
5912,21.32,4.12
5913,21.32,4.12
5915,19.56,4.12
5918,19.56,4.12
5919,19.56,4.12
5921,17.45,4.12
5922,17.45,4.12
5924,17.45,4.12
5926,15.69,4.12
5927,15.69,4.12
5929,15.69,4.12
5931,13.58,4.12
5932,13.58,4.12
5934,13.58,4.12
5936,11.82,4.12
5937,11.82,4.12
5939,11.82,4.12
5941,9.71,4.12
5942,9.71,4.12
5943,9.71,4.12
5945,7.60,4.12
5947,7.60,4.12
5948,7.60,4.12
5950,5.84,4.12
5951,5.84,4.12
5953,5.84,4.12
5954,3.72,4.12
5956,3.72,4.12
5957,3.72,4.12
5960,1.61,4.12
5962,1.61,4.12
5963,1.61,4.12
5964,1.61,4.12
5966,-0.50,4.12
5968,-0.50,4.12
5969,-0.50,4.12
5971,-2.61,4.12
5973,-2.61,4.12
5974,-2.61,4.12
5976,-4.72,4.12
5977,-4.72,4.12
5979,-4.72,4.12
5981,-6.83,4.12
5982,-6.83,4.12
5984,-6.83,4.12
5986,-8.94,4.12
5987,-8.94,4.12
5989,-8.94,4.12
5991,348.60,4.12
5992,348.60,4.12
5994,348.60,4.12
5996,346.49,4.12
5997,346.49,4.12
5999,344.38,4.12
6001,344.38,4.12
6004,344.38,4.12
6006,341.91,4.12
6007,341.91,4.12
6009,341.91,4.12
6011,339.80,4.12
6012,339.80,4.12
6014,339.80,4.12
6016,337.69,4.12
6017,337.69,4.12
6019,337.69,4.12
6021,335.23,4.12
6023,335.23,4.12
6024,335.23,4.12
6026,333.12,4.12
6028,333.12,4.12
6029,330.65,4.12
6031,330.65,4.12
6033,330.65,4.12
6034,328.19,4.12
6036,328.19,4.12
6038,328.19,4.12
6040,326.08,4.12
6042,326.08,4.12
6043,326.08,4.12
6046,323.61,4.12
6048,323.61,4.12
6049,323.61,4.12
6051,321.50,4.12
6053,321.50,4.12
6054,321.50,4.12
6057,319.04,4.12
6058,319.04,4.12
6060,316.93,4.12
6062,316.93,4.12
6063,316.93,4.12
6065,314.47,4.12
6067,314.47,4.12
6068,314.47,4.12
6070,312.35,4.12
6072,312.35,4.12
6073,312.35,4.12
6075,309.89,4.12
6077,309.89,4.12
6078,309.89,4.12
6081,307.78,4.12
6082,307.78,4.12
6084,307.78,4.12
6086,305.67,4.12
6088,305.67,4.12
6090,303.20,4.12
6092,303.20,4.12
6093,303.20,4.12
6096,301.09,4.12
6097,301.09,4.12
6099,301.09,4.12
6101,298.98,4.12
6102,298.98,4.12
6104,298.98,4.12
6106,296.87,4.12
6107,296.87,4.12
6109,296.87,4.12
6111,294.76,4.12
6113,294.76,4.12
6114,292.65,4.12
6116,292.65,4.12
6118,292.65,4.12
6119,290.53,4.12
6121,290.53,4.12
6123,290.53,4.12
6125,288.78,4.12
6126,288.78,4.12
6128,288.78,4.12
6131,286.66,4.12
6133,286.66,4.12
6134,286.66,4.12
6136,284.55,4.12
6138,284.55,4.12
6139,284.55,4.12
6141,282.79,4.12
6143,282.79,4.12
6144,280.68,4.12
6147,280.68,4.12
6148,280.68,4.12
6149,278.92,4.12
6152,278.92,4.12
6153,278.92,4.12
6155,277.16,4.12
6157,277.16,4.12
6158,277.16,4.12
6161,275.40,4.12
6162,275.40,4.12
6163,275.40,4.12
6166,273.64,4.12
6167,273.64,4.12
6169,273.64,4.12
6171,271.88,4.12
6172,271.88,4.12
6175,270.12,4.12
6177,270.12,4.12
6178,270.12,4.12
6180,268.72,4.12
6182,268.72,4.12
6184,268.72,4.12
6186,266.96,4.12
6187,266.96,4.12
6189,266.96,4.12
6191,265.55,4.12
6192,265.55,4.12
6194,265.55,4.12
6196,263.79,4.12
6198,263.79,4.12
6199,263.79,4.12
6201,262.38,4.12
6203,262.38,4.12
6204,262.03,4.12
6206,262.03,4.12
6208,262.03,4.12
6210,262.03,4.12
6211,262.03,4.12
6213,262.03,4.12
6216,262.03,4.12
6218,262.03,4.12
6219,262.03,4.12
6221,262.03,4.12
6223,262.03,4.12
6224,262.03,4.12
6226,262.03,4.12
6228,262.03,4.12
6229,262.03,4.12
6231,167.36,4.12
6233,167.36,4.12
6234,47.71,4.12
6236,47.71,4.12
6238,47.71,4.12
6239,76.57,4.12
6241,76.57,4.12
6243,76.57,4.12
6244,100.85,4.12
6246,100.85,4.12
6248,100.85,4.12
6249,118.10,4.12
6251,118.10,4.12
6253,118.10,4.12
6255,129.71,4.12
6257,129.71,4.12
6259,129.71,4.12
6261,137.80,4.12
6263,137.80,4.12
6264,137.80,4.12
6266,143.43,4.12
6268,143.43,4.12
6269,143.43,4.12
6271,148.01,4.12
6273,148.01,4.12
6274,43.84,4.12
6276,43.84,4.12
6278,43.84,4.12
6279,71.29,4.12
6281,71.29,4.12
6283,71.29,4.12
6284,94.17,4.12
6286,94.17,4.12
6288,94.17,4.12
6289,110.35,4.12
6291,110.35,4.12
6293,110.35,4.12
6295,122.32,4.12
6296,122.32,4.12
6298,122.32,4.12
6300,130.77,4.12
6303,130.77,4.12
6304,130.77,4.12
6306,137.45,4.12
6308,137.45,4.12
6309,137.45,4.12
6311,142.03,4.12
6313,142.03,4.12
6314,145.55,4.12
6317,145.55,4.12
6318,145.55,4.12
6320,40.68,4.12
6322,40.68,4.12
6323,40.68,4.12
6324,67.77,4.12
6326,67.77,4.12
6328,67.77,4.12
6329,90.30,4.12
6331,90.30,4.12
6333,90.30,4.12
6334,106.48,4.12
6336,106.48,4.12
6338,106.48,4.12
6340,118.45,4.12
6341,118.45,4.12
6344,118.45,4.12
6346,127.25,4.12
6348,127.25,4.12
6349,127.25,4.12
6351,133.58,4.12
6353,133.58,4.12
6354,133.58,4.12
6356,138.51,4.12
6358,138.51,4.12
6359,142.38,4.12
6361,142.38,4.12
6363,142.38,4.12
6364,145.19,4.12
6367,145.19,4.12
6368,145.19,4.12
6370,38.92,4.12
6372,38.92,4.12
6373,38.92,4.12
6375,66.01,4.12
6376,66.01,4.12
6378,66.01,4.12
6380,88.54,4.12
6381,88.54,4.12
6383,88.54,4.12
6385,105.08,4.12
6387,105.08,4.12
6389,105.08,4.12
6391,117.04,4.12
6393,117.04,4.12
6394,117.04,4.12
6396,126.19,4.12
6398,126.19,4.12
6399,126.19,4.12
6401,132.88,4.12
6403,132.88,4.12
6404,138.16,4.12
6407,138.16,4.12
6408,138.16,4.12
6410,142.03,4.12
6412,142.03,4.12
6413,142.03,4.12
6415,145.55,4.12
6417,145.55,4.12
6418,145.55,4.12
6420,39.27,4.12
6422,39.27,4.12
6423,39.27,4.12
6425,66.72,4.12
6427,66.72,4.12
6428,66.72,4.12
6431,89.59,4.12
6433,89.59,4.12
6434,89.59,4.12
6436,106.48,4.12
6438,106.48,4.12
6439,106.48,4.12
6441,118.80,4.12
6443,118.80,4.12
6444,118.80,4.12
6446,128.30,4.12
6448,128.30,4.12
6449,135.69,4.12
6451,135.69,4.12
6453,135.69,4.12
6454,141.32,4.12
6457,141.32,4.12
6458,141.32,4.12
6460,145.90,4.12
6462,145.90,4.12
6463,145.90,4.12
6465,41.38,4.12
6467,41.38,4.12
6468,41.38,4.12
6470,69.53,4.12
6473,69.53,4.12
6474,69.53,4.12
6476,92.76,4.12
6478,92.76,4.12
6479,92.76,4.12
6481,110.35,4.12
6483,110.35,4.12
6484,110.35,4.12
6486,123.38,4.12
6488,123.38,4.12
6489,123.38,4.12
6491,133.23,4.12
6493,133.23,4.12
6494,140.97,4.12
6497,140.97,4.12
6498,140.97,4.12
6500,147.31,4.12
6502,147.31,4.12
6503,147.31,4.12
6505,44.90,4.12
6507,44.90,4.12
6508,44.90,4.12
6510,73.05,4.12
6512,73.05,4.12
6513,73.05,4.12
6516,98.04,4.12
6518,98.04,4.12
6519,98.04,4.12
6521,116.69,4.12
6523,116.69,4.12
6524,116.69,4.12
6526,129.71,4.12
6528,129.71,4.12
6529,129.71,4.12
6531,139.21,4.12
6533,139.21,4.12
6534,146.60,4.12
6537,146.60,4.12
6538,146.60,4.12
6540,47.36,4.12
6542,47.36,4.12
6543,47.36,4.12
6544,70.94,4.12
6546,70.94,4.12
6548,70.94,4.12
6549,262.03,4.12
6551,262.03,4.12
6553,262.03,4.12
6555,262.03,4.12
6558,262.03,4.12
6559,262.03,4.12
6561,262.03,4.12
6563,262.03,4.12
6564,262.03,4.12
6566,262.03,4.12
6568,262.03,4.12
6569,262.03,4.12
6571,262.03,4.12
6573,262.03,4.12
6574,262.03,4.12
6576,263.44,4.12
6578,263.44,4.12
6579,264.85,4.12
6582,264.85,4.12
6583,264.85,4.12
6585,266.25,4.12
6587,266.25,4.12
6588,266.25,4.12
6590,267.66,4.12
6592,267.66,4.12
6593,267.66,4.12
6595,269.42,4.12
6597,269.42,4.12
6598,269.42,4.12
6602,271.18,4.12
6603,271.18,4.12
6605,271.18,4.12
6607,272.94,4.12
6608,272.94,4.12
6610,274.70,4.12
6612,274.70,4.12
6613,274.70,4.12
6616,276.46,4.12
6617,276.46,4.12
6619,276.46,4.12
6621,278.22,4.12
6622,278.22,4.12
6624,278.22,4.12
6626,279.98,4.12
6627,279.98,4.12
6629,279.98,4.12
6631,282.09,4.12
6633,282.09,4.12
6634,283.85,4.12
6636,283.85,4.12
6638,283.85,4.12
6639,285.96,4.12
6641,285.96,4.12
6644,285.96,4.12
6646,288.07,4.12
6647,288.07,4.12
6649,288.07,4.12
6651,289.83,4.12
6653,289.83,4.12
6654,289.83,4.12
6656,291.94,4.12
6658,291.94,4.12
6659,291.94,4.12
6661,294.05,4.12
6663,294.05,4.12
6664,296.17,4.12
6667,296.17,4.12
6668,296.17,4.12
6670,298.28,4.12
6672,298.28,4.12
6673,298.28,4.12
6675,300.39,4.12
6677,300.39,4.12
6678,300.39,4.12
6680,302.50,4.12
6682,302.50,4.12
6683,302.50,4.12
6687,304.96,4.12
6688,304.96,4.12
6690,304.96,4.12
6692,307.07,4.12
6693,307.07,4.12
6695,309.19,4.12
6697,309.19,4.12
6698,309.19,4.12
6701,311.65,4.12
6702,311.65,4.12
6704,311.65,4.12
6706,313.76,4.12
6707,313.76,4.12
6709,313.76,4.12
6711,316.22,4.12
6712,316.22,4.12
6714,316.22,4.12
6716,318.34,4.12
6717,318.34,4.12
6719,320.80,4.12
6721,320.80,4.12
6723,320.80,4.12
6724,322.91,4.12
6726,322.91,4.12
6729,322.91,4.12
6731,325.37,4.12
6732,325.37,4.12
6734,325.37,4.12
6736,327.49,4.12
6738,327.49,4.12
6739,327.49,4.12
6741,329.95,4.12
6743,329.95,4.12
6744,329.95,4.12
6746,332.06,4.12
6748,332.06,4.12
6749,334.52,4.12
6752,334.52,4.12
6753,334.52,4.12
6755,336.64,4.12
6757,336.64,4.12
6758,336.64,4.12
6760,339.10,4.12
6762,339.10,4.12
6763,339.10,4.12
6765,341.21,4.12
6767,341.21,4.12
6768,341.21,4.12
6772,343.32,4.12
6773,343.32,4.12
6775,343.32,4.12
6777,345.79,4.12
6778,345.79,4.12
6780,347.90,4.12
6782,347.90,4.12
6783,347.90,4.12
6786,-10.00,4.12
6787,-10.00,4.12
6789,-10.00,4.12
6791,-7.89,4.12
6792,-7.89,4.12
6793,-7.89,4.12
6795,-5.78,4.12
6797,-5.78,4.12
6798,-5.78,4.12
6800,-3.67,4.12
6802,-3.67,4.12
6803,-3.67,4.12
6805,-1.55,4.12
6807,-1.55,4.12
6808,-1.55,4.12
6810,0.56,4.12
6812,0.56,4.12
6814,0.56,4.12
6816,2.67,4.12
6817,2.67,4.12
6819,2.67,4.12
6820,4.78,4.12
6822,4.78,4.12
6823,4.78,4.12
6824,4.78,4.12
6826,6.54,4.12
6828,6.54,4.12
6829,6.54,4.12
6831,8.65,4.12
6832,8.65,4.12
6834,8.65,4.12
6836,10.41,4.12
6837,10.41,4.12
6839,10.41,4.12
6841,12.52,4.12
6842,12.52,4.12
6843,12.52,4.12
6846,14.28,4.12
6847,14.28,4.12
6848,14.28,4.12
6850,16.04,4.12
6852,16.04,4.12
6853,16.04,4.12
6856,17.80,4.12
6858,17.80,4.12
6859,17.80,4.12
6861,19.56,4.12
6863,19.56,4.12
6864,19.56,4.12
6866,20.97,4.12
6868,20.97,4.12
6869,20.97,4.12
6871,22.73,4.12
6872,22.73,4.12
6874,22.73,4.12
6876,24.49,4.12
6877,24.49,4.12
6879,24.49,4.12
6881,25.90,4.12
6882,25.90,4.12
6884,25.90,4.12
6886,27.30,4.12
6887,27.30,4.12
6889,27.30,4.12
6891,29.06,4.12
6892,29.06,4.12
6893,29.06,4.12
6895,30.47,4.12
6897,30.47,4.12
6899,30.47,4.12
6901,31.88,4.12
6903,31.88,4.12
6904,31.88,4.12
6906,32.93,4.12
6908,32.93,4.12
6909,32.93,4.12
6911,34.34,4.12
6913,34.34,4.12
6914,34.34,4.12
6916,35.75,4.12
6917,35.75,4.12
6919,35.75,4.12
6921,36.80,4.12
6922,36.80,4.12
6924,36.80,4.12
6926,37.86,4.12
6927,37.86,4.12
6929,37.86,4.12
6931,39.27,4.12
6932,39.27,4.12
6934,39.27,4.12
6936,40.32,4.12
6937,40.32,4.12
6938,40.32,4.12
6942,41.38,4.12
6943,41.38,4.12
6944,41.38,4.12
6946,42.44,4.12
6948,42.44,4.12
6949,42.44,4.12
6951,43.14,4.12
6953,43.14,4.12
6954,43.14,4.12
6956,44.19,4.12
6958,44.19,4.12
6959,44.19,4.12
6961,45.25,4.12
6963,45.25,4.12
6964,45.25,4.12
6966,45.95,4.12
6967,45.95,4.12
6969,45.95,4.12
6971,47.01,4.12
6972,47.01,4.12
6974,47.01,4.12
6976,47.71,4.12
6977,47.71,4.12
6979,47.71,4.12
6981,48.42,4.12
6982,48.42,4.12
6985,48.42,4.12
6987,49.12,4.12
6988,49.12,4.12
6989,49.12,4.12
6991,49.83,4.12
6993,49.83,4.12
6994,49.83,4.12
6996,50.53,4.12
6998,50.53,4.12
6999,50.53,4.12
7001,50.88,4.12
7003,50.88,4.12
7004,50.88,4.12
7006,51.59,4.12
7008,51.59,4.12
7009,51.59,4.12
7011,51.94,4.12
7012,51.94,4.12
7014,51.94,4.12
7016,52.29,4.12
7017,52.29,4.12
7019,52.29,4.12
7021,52.64,4.12
7022,52.64,4.12
7024,52.64,4.12
7027,53.34,4.12
7028,53.34,4.12
7029,53.34,4.12
7032,53.70,4.12
7033,53.70,4.12
7034,53.70,4.12
7036,53.70,4.12
7038,53.70,4.12
7039,53.70,4.12
7041,54.05,4.12
7043,54.05,4.12
7044,54.05,4.12
7046,54.40,4.12
7048,54.40,4.12
7049,54.40,4.12
7051,54.40,4.12
7052,54.40,4.12
7054,54.40,4.12
7056,54.75,4.12
7057,54.75,4.12
7059,54.75,4.12
7061,54.75,4.12
7062,54.75,4.12
7064,54.75,4.12
7066,54.75,4.12
7067,54.75,4.12
7068,54.75,4.12
7071,54.75,4.12
7073,54.75,4.12
7074,54.75,4.12
7076,54.75,4.12
7078,54.75,4.12
7079,54.75,4.12
7081,54.75,4.12
7082,54.75,4.12
7084,54.75,4.12
7086,54.75,4.12
7087,54.75,4.12
7089,54.75,4.12
7091,54.40,4.12
7092,54.40,4.12
7094,54.40,4.12
7096,54.40,4.12
7097,54.40,4.12
7098,54.40,4.12
7100,54.05,4.12
7102,54.05,4.12
7103,54.05,4.12
7105,54.05,4.12
7107,54.05,4.12
7108,54.05,4.12
7110,53.70,4.12
7113,53.70,4.12
7114,53.70,4.12
7116,53.34,4.12
7117,53.34,4.12
7119,53.34,4.12
7121,52.99,4.12
7122,52.99,4.12
7124,52.99,4.12
7126,52.64,4.12
7127,52.64,4.12
7129,52.64,4.12
7131,52.29,4.12
7132,52.29,4.12
7134,52.29,4.12
7136,51.59,4.12
7137,51.59,4.12
7138,51.59,4.12
7141,51.23,4.12
7142,51.23,4.12
7143,51.23,4.12
7145,50.53,4.12
7147,50.53,4.12
7148,50.53,4.12
7150,50.18,4.12
7152,50.18,4.12
7153,50.18,4.12
7156,49.47,4.12
7158,49.47,4.12
7159,49.47,4.12
7161,48.77,4.12
7162,48.77,4.12
7164,48.77,4.12
7166,48.07,4.12
7167,48.07,4.12
7169,48.07,4.12
7171,47.36,4.12
7172,47.36,4.12
7174,47.36,4.12
7176,46.66,4.12
7177,46.66,4.12
7178,46.66,4.12
7181,45.60,4.12
7182,45.60,4.12
7183,45.60,4.12
7186,44.90,4.12
7187,44.90,4.12
7188,44.90,4.12
7190,43.84,4.12
7192,43.84,4.12
7193,43.84,4.12
7195,42.79,4.12
7198,42.79,4.12
7199,42.79,4.12
7201,42.08,4.12
7203,42.08,4.12
7204,42.08,4.12
7206,41.03,4.12
7208,41.03,4.12
7209,41.03,4.12
7211,39.97,4.12
7212,39.97,4.12
7214,39.97,4.12
7216,38.56,4.12
7217,38.56,4.12
7219,38.56,4.12
7221,37.51,4.12
7222,37.51,4.12
7224,37.51,4.12
7226,36.45,4.12
7227,36.45,4.12
7228,36.45,4.12
7231,35.05,4.12
7232,35.05,4.12
7233,35.05,4.12
7235,33.99,4.12
7237,33.99,4.12
7238,33.99,4.12
7241,32.58,4.12
7243,32.58,4.12
7244,32.58,4.12
7246,31.17,4.12
7248,31.17,4.12
7249,31.17,4.12
7251,29.77,4.12
7252,29.77,4.12
7254,29.77,4.12
7256,28.36,4.12
7257,28.36,4.12
7259,28.36,4.12
7261,26.95,4.12
7262,26.95,4.12
7264,26.95,4.12
7266,25.54,4.12
7267,25.54,4.12
7269,25.54,4.12
7271,23.78,4.12
7272,23.78,4.12
7273,23.78,4.12
7275,22.02,4.12
7277,22.02,4.12
7278,22.02,4.12
7280,20.62,4.12
7283,20.62,4.12
7284,20.62,4.12
7286,18.86,4.12
7288,18.86,4.12
7289,18.86,4.12
7291,17.10,4.12
7292,17.10,4.12
7294,17.10,4.12
7296,15.34,4.12
7297,15.34,4.12
7299,15.34,4.12
7301,13.58,4.12
7302,13.58,4.12
7304,13.58,4.12
7306,11.82,4.12
7307,11.82,4.12
7309,11.82,4.12
7311,10.06,4.12
7312,10.06,4.12
7313,10.06,4.12
7316,7.95,4.12
7317,7.95,4.12
7318,7.95,4.12
7320,6.19,4.12
7322,6.19,4.12
7323,6.19,4.12
7324,4.08,4.12
7327,4.08,4.12
7328,4.08,4.12
7330,2.32,4.12
7332,2.32,4.12
7333,2.32,4.12
7335,2.32,4.12
7337,0.21,4.12
7338,0.21,4.12
7339,0.21,4.12
7341,-1.91,4.12
7343,-1.91,4.12
7344,-1.91,4.12
7346,-4.02,4.12
7347,-4.02,4.12
7349,-4.02,4.12
7351,-6.13,4.12
7352,-6.13,4.12
7354,-6.13,4.12
7356,-8.24,4.12
7357,-8.24,4.12
7359,-8.24,4.12
7361,349.66,4.12
7362,349.66,4.12
7364,349.66,4.12
7366,347.55,4.12
7368,347.55,4.12
7370,347.55,4.12
7372,345.43,4.12
7373,345.43,4.12
7375,343.32,4.12
7377,343.32,4.12
7379,343.32,4.12
7381,340.86,4.12
7382,340.86,4.12
7384,340.86,4.12
7386,338.75,4.12
7387,338.75,4.12
7389,338.75,4.12
7391,336.64,4.12
7393,336.64,4.12
7394,336.64,4.12
7396,334.17,4.12
7398,334.17,4.12
7399,332.06,4.12
7401,332.06,4.12
7403,332.06,4.12
7404,329.60,4.12
7406,329.60,4.12
7408,329.60,4.12
7411,327.49,4.12
7413,327.49,4.12
7414,327.49,4.12
7416,325.02,4.12
7418,325.02,4.12
7419,325.02,4.12
7421,322.91,4.12
7423,322.91,4.12
7424,322.91,4.12
7426,320.80,4.12
7428,320.80,4.12
7429,320.80,4.12
7432,318.34,4.12
7433,318.34,4.12
7435,316.22,4.12
7437,316.22,4.12
7438,316.22,4.12
7440,314.11,4.12
7442,314.11,4.12
7443,314.11,4.12
7446,311.65,4.12
7447,311.65,4.12
7448,311.65,4.12
7451,309.54,4.12
7452,309.54,4.12
7455,309.54,4.12
7457,307.43,4.12
7458,307.43,4.12
7460,307.43,4.12
7462,305.32,4.12
7463,305.32,4.12
7465,303.20,4.12
7467,303.20,4.12
7468,303.20,4.12
7471,301.09,4.12
7472,301.09,4.12
7474,301.09,4.12
7476,298.98,4.12
7477,298.98,4.12
7479,298.98,4.12
7481,296.87,4.12
7482,296.87,4.12
7484,296.87,4.12
7486,294.76,4.12
7488,294.76,4.12
7489,292.65,4.12
7491,292.65,4.12
7493,292.65,4.12
7494,290.89,4.12
7497,290.89,4.12
7499,290.89,4.12
7501,288.78,4.12
7503,288.78,4.12
7504,288.78,4.12
7506,287.02,4.12
7508,287.02,4.12
7509,287.02,4.12
7511,284.90,4.12
7513,284.90,4.12
7514,284.90,4.12
7517,283.14,4.12
7518,283.14,4.12
7519,281.39,4.12
7522,281.39,4.12
7523,281.39,4.12
7525,279.27,4.12
7527,279.27,4.12
7528,279.27,4.12
7530,277.51,4.12
7532,277.51,4.12
7533,277.51,4.12
7536,276.11,4.12
7537,276.11,4.12
7540,276.11,4.12
7542,274.35,4.12
7543,274.35,4.12
7545,274.35,4.12
7547,272.59,4.12
7548,272.59,4.12
7550,271.18,4.12
7552,271.18,4.12
7554,271.18,4.12
7556,269.42,4.12
7557,269.42,4.12
7559,269.42,4.12
7561,268.01,4.12
7562,268.01,4.12
7564,268.01,4.12
7566,266.60,4.12
7567,266.60,4.12
7569,266.60,4.12
7571,265.20,4.12
7573,265.20,4.12
7574,263.79,4.12
7576,263.79,4.12
7578,263.79,4.12
7579,262.38,4.12
7582,262.38,4.12
7584,262.38,4.12
7586,262.03,4.12
7588,262.03,4.12
7589,262.03,4.12
7591,262.03,4.12
7593,262.03,4.12
7594,262.03,4.12
7596,262.03,4.12
7598,262.03,4.12
7599,262.03,4.12
7601,262.03,4.12
7603,262.03,4.12
7604,262.03,4.12
7606,262.03,4.12
7608,262.03,4.12
7609,170.88,4.12
7612,170.88,4.12
7613,170.88,4.12
7615,47.36,4.12
7617,47.36,4.12
7618,47.36,4.12
7619,76.22,4.12
7621,76.22,4.12
7624,76.22,4.12
7625,100.15,4.34
7627,100.15,4.34
7629,100.15,4.34
7631,118.45,4.34
7633,118.45,4.34
7634,118.45,4.34
7636,131.82,4.34
7638,131.82,4.34
7639,131.82,4.34
7641,141.32,4.34
7643,141.32,4.34
7644,141.32,4.34
7647,147.31,3.46
7648,147.31,3.46
7650,45.60,3.46
7652,45.60,3.46
7653,45.60,3.46
7654,73.05,3.46
7657,73.05,3.46
7658,73.05,3.46
7659,96.28,3.46
7661,96.28,3.46
7663,96.28,3.46
7664,112.82,3.46
7667,112.82,3.46
7669,112.82,3.46
7670,124.78,3.46
7672,124.78,3.46
7674,124.78,3.46
7676,133.58,3.46
7678,133.58,3.46
7679,133.58,3.46
7681,139.92,3.46
7683,139.92,3.46
7684,139.92,3.46
7686,144.84,3.46
7688,144.84,3.46
7689,144.84,3.46
7692,42.79,3.46
7693,42.79,3.46
7694,70.24,3.46
7696,70.24,3.46
7698,70.24,3.46
7699,93.11,3.46
7701,93.11,3.68
7703,93.11,3.68
7704,110.00,3.68
7706,110.00,3.68
7708,110.00,3.68
7710,122.67,3.68
7712,122.67,3.68
7714,122.67,3.68
7716,132.17,3.68
7718,132.17,3.68
7719,132.17,3.68
7721,139.21,3.68
7723,139.21,3.68
7724,139.21,3.68
7726,144.84,3.68
7728,144.84,3.25
7729,144.84,3.25
7732,41.73,3.25
7733,41.73,3.25
7734,41.73,3.25
7736,68.48,3.25
7738,68.48,3.25
7739,68.48,3.25
7741,91.35,3.25
7743,91.35,3.25
7744,91.35,3.25
7746,108.24,3.25
7748,108.24,3.25
7749,120.91,3.25
7752,120.91,3.25
7754,120.91,3.25
7755,130.06,3.25
7758,130.06,3.25
7759,130.06,3.25
7761,137.10,3.25
7763,137.10,3.46
7764,137.10,3.46
7766,143.08,3.46
7768,143.08,3.46
7769,143.08,3.46
7771,148.01,3.25
7773,148.01,3.25
7774,148.01,3.25
7777,41.73,3.25
7778,41.73,3.25
7779,69.53,3.25
7782,69.53,3.25
7783,69.53,3.25
7784,92.76,3.25
7786,92.76,3.90
7788,92.76,3.90
7789,110.71,3.90
7791,110.71,3.90
7793,110.71,3.90
7795,123.73,3.90
7798,123.73,3.90
7799,123.73,3.90
7801,133.93,3.90
7803,133.93,3.90
7804,133.93,3.90
7806,141.68,3.90
7808,141.68,3.90
7809,141.68,3.90
7812,147.66,3.90
7813,147.66,3.68
7815,147.66,3.68
7817,43.49,3.68
7818,43.49,3.68
7819,71.64,3.68
7822,71.64,3.68
7823,71.64,3.68
7824,95.57,3.68
7826,95.57,3.68
7828,95.57,3.68
7829,113.17,3.68
7831,113.17,3.68
7833,113.17,3.68
7834,126.54,3.68
7838,126.54,3.68
7839,126.54,3.68
7841,136.75,3.68
7843,136.75,3.68
7844,136.75,3.68
7846,144.84,3.68
7848,144.84,3.68
7849,144.84,3.68
7851,47.01,3.68
7853,47.01,3.68
7854,47.01,3.68
7856,75.52,3.68
7858,75.52,3.68
7859,75.52,3.68
7861,99.45,3.68
7863,99.45,3.68
7864,99.45,3.68
7866,117.74,3.68
7868,117.74,3.68
7869,117.74,3.68
7871,131.12,3.68
7873,131.12,3.68
7874,140.97,3.68
7876,140.97,3.68
7878,140.97,3.68
7881,148.71,3.68
7883,148.71,2.81
7884,148.71,2.81
7886,262.03,2.81
7888,262.03,2.81
7889,262.03,2.81
7891,262.03,2.81
7893,262.03,2.81
7894,262.03,2.81
7896,262.03,2.81
7898,262.03,2.81
7899,262.03,2.81
7902,262.03,2.81
7903,262.03,2.81
7905,262.03,2.81
7907,262.03,2.81
7908,262.03,2.81
7910,262.03,2.81
7912,262.03,2.81
7913,262.03,2.81
7915,263.09,2.81
7917,263.09,2.81
7918,263.09,2.81
7921,264.49,2.81
7923,264.49,2.81
7925,264.49,2.81
7927,265.90,2.81
7928,265.90,2.81
7930,265.90,2.81
7932,267.31,2.81
7933,267.31,2.81
7935,268.72,2.81
7937,268.72,2.81
7939,268.72,2.81
7940,270.48,2.81
7942,270.48,2.81
7944,270.48,2.81
7946,271.88,2.81
7947,271.88,2.81
7949,271.88,2.81
7951,273.64,2.81
7952,273.64,2.81
7954,273.64,2.81
7956,275.40,2.81
7958,275.40,2.81
7959,275.40,2.81
7961,276.81,2.81
7963,276.81,2.81
7964,278.57,2.81
7967,278.57,2.81
7969,278.57,2.81
7970,280.33,2.81
7972,280.33,2.81
7974,280.33,2.81
7976,282.44,2.81
7978,282.44,2.81
7979,282.44,2.81
7981,284.20,2.81
7983,284.20,2.81
7984,284.20,2.81
7986,285.96,2.81
7988,285.96,2.81
7989,285.96,2.81
7992,288.07,2.81
7993,288.07,2.81
7995,289.83,2.81
7997,289.83,2.81
7998,289.83,2.81
8000,291.94,2.81
8002,291.94,2.81
8003,291.94,2.81
8006,294.05,2.81
8008,294.05,2.81
8010,294.05,2.81
8012,295.81,2.81
8013,295.81,2.81
8015,295.81,2.81
8017,297.93,2.81
8018,297.93,2.81
8020,300.04,2.81
8022,300.04,2.81
8023,300.04,2.81
8025,302.15,2.81
8027,302.15,2.81
8029,302.15,2.81
8031,304.26,2.81
8032,304.26,2.81
8034,304.26,2.81
8036,306.37,2.81
8037,306.37,2.81
8039,306.37,2.81
8041,308.48,2.81
8043,308.48,2.81
8044,308.48,2.81
8046,310.59,2.81
8048,310.59,2.81
8049,312.71,2.81
8052,312.71,2.81
8054,312.71,2.81
8055,315.17,2.81
8058,315.17,2.81
8059,315.17,2.81
8061,317.28,2.81
8063,317.28,2.81
8064,317.28,2.81
8066,319.39,2.81
8068,319.39,2.81
8069,319.39,2.81
8071,321.86,2.81
8073,321.86,2.81
8074,321.86,2.81
8077,323.97,2.81
8078,323.97,2.81
8080,326.08,2.81
8082,326.08,2.81
8083,326.08,2.81
8085,328.19,2.81
8087,328.19,2.81
8088,328.19,2.81
8091,330.65,2.81
8092,330.65,2.81
8095,330.65,2.81
8097,332.76,2.81
8098,332.76,2.81
8100,332.76,2.81
8102,335.23,3.03
8103,335.23,3.03
8105,337.34,3.03
8107,337.34,3.03
8109,337.34,3.03
8110,340.15,3.03
8112,340.15,3.03
8114,340.15,3.03
8116,342.27,3.03
8117,342.27,3.03
8119,342.27,3.03
8121,344.38,3.03
8122,344.38,3.03
8124,344.38,3.03
8126,346.49,3.03
8128,346.49,3.03
8129,346.49,3.03
8131,348.95,3.03
8133,348.95,3.03
8134,-8.94,3.03
8137,-8.94,3.03
8139,-8.94,3.03
8140,-6.83,3.03
8142,-6.83,3.03
8144,-6.83,3.03
8145,-4.72,3.03
8147,-4.72,3.03
8149,-4.72,3.03
8150,-2.61,3.03
8152,-2.61,3.03
8153,-2.61,3.03
8155,-0.50,3.03
8157,-0.50,3.03
8158,-0.50,3.03
8160,1.61,3.03
8162,1.61,3.03
8163,1.61,3.03
8164,3.37,3.03
8166,3.37,3.03
8168,3.37,3.03
8169,3.37,3.03
8171,5.48,3.03
8172,5.48,3.03
8174,5.48,3.03
8176,7.60,3.03
8177,7.60,3.03
8179,7.60,3.03
8181,9.36,3.03
8183,9.36,3.03
8184,9.36,3.03
8186,11.11,3.03
8187,11.11,3.03
8189,11.11,3.03
8191,12.87,3.03
8192,12.87,3.03
8194,12.87,3.03
8196,14.99,3.03
8197,14.99,3.03
8199,14.99,3.03
8201,16.75,3.03
8202,16.75,3.03
8203,16.75,3.03
8206,18.15,3.03
8207,18.15,3.03
8208,18.15,3.03
8211,19.91,3.03
8212,19.91,3.03
8213,19.91,3.03
8215,21.67,3.03
8217,21.67,3.03
8218,21.67,3.03
8220,23.08,3.03
8223,23.08,3.03
8224,23.08,3.03
8226,24.84,3.03
8228,24.84,3.03
8229,24.84,3.03
8231,26.25,3.03
8233,26.25,3.03
8234,26.25,3.03
8236,27.65,3.03
8237,27.65,3.03
8239,27.65,3.03
8241,29.06,3.03
8242,29.06,3.03
8244,29.06,3.03
8246,30.47,3.03
8247,30.47,3.03
8249,30.47,3.03
8251,31.88,3.03
8252,31.88,3.03
8253,31.88,3.03
8256,33.29,3.03
8257,33.29,3.03
8258,33.29,3.03
8261,34.34,3.03
8262,34.34,3.03
8264,34.34,3.03
8266,35.75,3.03
8268,35.75,3.03
8269,35.75,3.03
8271,36.80,3.03
8273,36.80,3.03
8274,36.80,3.03
8276,37.86,3.03
8278,37.86,3.03
8279,37.86,3.03
8281,38.92,3.03
8283,38.92,3.03
8284,38.92,3.03
8286,39.97,3.03
8287,39.97,3.03
8289,39.97,3.03
8291,41.03,3.03
8292,41.03,3.03
8294,41.03,3.03
8296,42.08,3.03
8297,42.08,3.03
8299,42.08,3.03
8301,42.79,3.03
8302,42.79,3.03
8303,42.79,3.03
8307,43.84,3.03
8308,43.84,3.03
8309,43.84,3.03
8312,44.55,3.03
8313,44.55,3.03
8314,44.55,3.03
8316,45.25,3.03
8318,45.25,3.03
8319,45.25,3.03
8321,46.31,3.03
8323,46.31,3.03
8324,46.31,3.03
8326,47.01,3.03
8328,47.01,3.03
8329,47.01,3.03
8331,47.71,3.03
8333,47.71,3.03
8334,47.71,3.03
8336,48.07,3.03
8337,48.07,3.03
8339,48.07,3.03
8341,48.77,3.03
8342,48.77,3.03
8344,48.77,3.03
8346,49.12,3.03
8347,49.12,3.03
8350,49.12,3.03
8352,49.83,3.03
8353,49.83,3.03
8354,49.83,3.03
8357,50.18,3.03
8358,50.18,3.03
8359,50.18,3.03
8361,50.53,3.03
8363,50.53,3.03
8364,50.53,3.03
8366,51.23,3.03
8368,51.23,3.03
8369,51.23,3.03
8371,51.59,3.03
8373,51.59,3.03
8374,51.59,3.03
8376,51.94,3.03
8378,51.94,3.03
8379,51.94,3.03
8381,51.94,3.03
8383,51.94,3.03
8384,51.94,3.03
8386,52.29,3.03
8387,52.29,3.03
8389,52.29,3.03
8392,52.29,3.03
8393,52.29,3.03
8395,52.29,3.03
8397,52.64,3.03
8398,52.64,3.03
8399,52.64,3.03
8402,52.64,3.03
8403,52.64,3.03
8404,52.64,3.03
8406,52.64,3.03
8408,52.64,3.03
8409,52.64,3.03
8411,52.64,3.03
8413,52.64,3.03
8414,52.64,3.03
8416,52.64,3.03
8418,52.64,3.03
8419,52.64,3.03
8421,52.64,3.03
8422,52.64,3.03
8424,52.64,3.03
8426,52.64,3.03
8427,52.64,3.03
8429,52.64,3.03
8431,52.29,3.03
8432,52.29,3.03
8433,52.29,3.03
8437,52.29,3.03
8438,52.29,3.03
8439,52.29,3.03
8441,51.94,3.03
8443,51.94,3.03
8444,51.94,3.03
8446,51.59,3.03
8448,51.59,3.03
8449,51.59,3.03
8451,51.59,3.03
8452,51.59,3.03
8454,51.59,3.03
8456,51.23,3.03
8457,51.23,3.03
8459,51.23,3.03
8461,50.53,3.03
8462,50.53,3.03
8464,50.53,3.03
8466,50.18,3.03
8467,50.18,3.03
8469,50.18,3.03
8471,49.83,3.03
8472,49.83,3.03
8473,49.83,3.03
8475,49.12,3.03
8478,49.12,3.03
8479,49.12,3.03
8481,48.77,3.03
8483,48.77,3.03
8484,48.77,3.03
8486,48.07,3.03
8488,48.07,3.03
8489,48.07,3.03
8491,47.36,3.03
8493,47.36,3.03
8494,47.36,3.03
8496,46.66,3.03
8497,46.66,3.03
8499,46.66,3.03
8501,45.95,3.03
8502,45.95,3.03
8504,45.95,3.03
8506,45.25,3.03
8507,45.25,3.03
8509,45.25,3.03
8511,44.55,3.03
8512,44.55,3.03
8514,44.55,3.03
8516,43.49,3.03
8517,43.49,3.03
8520,43.49,3.03
8522,42.79,3.03
8523,42.79,3.03
8524,42.79,3.03
8526,41.73,3.03
8528,41.73,3.03
8529,41.73,3.03
8531,41.03,3.03
8533,41.03,3.03
8534,41.03,3.03
8536,39.97,3.03
8538,39.97,3.03
8539,39.97,3.03
8541,38.92,3.03
8543,38.92,3.03
8544,38.92,3.03
8546,37.86,3.03
8547,37.86,3.03
8549,37.86,3.03
8551,36.80,3.03
8552,36.80,3.03
8554,36.80,3.03
8556,35.40,3.03
8557,35.40,3.03
8559,35.40,3.03
8561,34.34,3.03
8563,34.34,3.03
8565,34.34,3.03
8567,32.93,3.03
8568,32.93,3.03
8570,32.93,3.03
8572,31.88,3.03
8573,31.88,3.03
8574,31.88,3.03
8576,30.47,3.03
8578,30.47,3.03
8579,30.47,3.03
8581,29.06,3.03
8583,29.06,3.03
8584,29.06,3.03
8586,27.65,3.03
8588,27.65,3.03
8589,27.65,3.03
8591,26.25,3.03
8593,26.25,3.03
8594,26.25,3.03
8596,24.49,3.03
8597,24.49,3.03
8599,24.49,3.03
8601,23.08,3.03
8602,23.08,3.03
8604,23.08,3.03
8607,21.32,3.03
8608,21.32,3.03
8610,21.32,3.03
8612,19.91,3.03
8613,19.91,3.03
8615,19.91,3.03
8617,18.15,3.03
8618,18.15,3.03
8620,18.15,3.03
8622,16.75,3.03
8623,16.75,3.03
8624,16.75,3.03
8626,14.99,3.03
8628,14.99,3.03
8629,14.99,3.03
8631,13.23,3.03
8633,13.23,3.03
8634,13.23,3.03
8636,11.11,3.03
8638,11.11,3.03
8639,11.11,3.03
8641,9.36,3.03
8643,9.36,3.03
8644,9.36,3.03
8646,7.60,3.03
8648,7.60,3.03
8649,7.60,3.03
8651,5.48,3.03
8653,5.48,3.03
8654,5.48,3.03
8656,3.72,3.03
8658,3.72,3.03
8659,3.72,3.03
8660,1.61,3.03
8662,1.61,3.03
8663,1.61,3.03
8665,-0.50,3.03
8667,-0.50,3.03
8668,-0.50,3.03
8670,-2.26,3.03
8672,-2.26,3.03
8673,-2.26,3.03
8675,-4.37,3.03
8677,-4.37,3.03
8678,-4.37,3.03
8679,-6.48,3.03
8682,-6.48,3.03
8683,-6.48,3.03
8684,-8.59,3.03
8686,-8.59,3.03
8688,-8.59,3.03
8689,349.30,3.03
8692,349.30,3.03
8694,349.30,3.03
8696,347.19,3.03
8698,347.19,3.03
8699,347.19,3.03
8701,345.08,3.03
8703,345.08,3.03
8704,345.08,3.03
8706,342.97,3.03
8708,342.97,3.03
8709,342.97,3.03
8712,340.86,3.03
8713,340.86,3.03
8715,338.75,3.03
8717,338.75,3.03
8718,338.75,3.03
8720,336.64,3.03
8722,336.64,3.03
8723,336.64,3.03
8725,334.17,3.03
8727,334.17,3.03
8728,334.17,3.03
8731,332.06,3.03
8732,332.06,3.03
8735,332.06,3.03
8737,329.60,3.03
8738,329.60,3.03
8740,329.60,3.03
8742,327.49,3.03
8743,327.49,3.03
8745,325.37,3.03
8747,325.37,3.03
8749,325.37,3.03
8750,323.26,3.03
8752,323.26,3.03
8754,323.26,3.03
8756,320.80,3.03
8757,320.80,3.03
8759,320.80,3.03
8761,318.69,3.03
8763,318.69,3.03
8764,318.69,3.03
8766,316.58,3.03
8768,316.58,3.03
8769,316.58,3.03
8771,314.47,3.03
8773,314.47,3.03
8774,312.35,3.03
8777,312.35,3.03
8779,312.35,3.03
8781,310.24,3.03
8783,310.24,3.03
8784,310.24,3.03
8786,308.13,3.03
8788,308.13,3.03
8789,308.13,3.03
8791,306.02,3.03
8793,306.02,3.03
8794,306.02,3.03
8797,303.56,3.03
8798,303.56,3.03
8800,301.80,3.03
8802,301.80,3.03
8803,301.80,3.03
8805,299.68,3.03
8807,299.68,3.03
8808,299.68,3.03
8811,297.57,3.03
8812,297.57,3.03
8814,297.57,3.03
8816,295.46,3.03
8817,295.46,3.03
8820,295.46,3.03
8822,293.70,3.03
8823,293.70,3.03
8825,293.70,3.03
8827,291.59,3.03
8828,291.59,3.03
8830,289.83,3.03
8832,289.83,3.03
8834,289.83,3.03
8836,287.72,3.03
8837,287.72,3.03
8839,287.72,3.03
8841,285.96,3.03
8842,285.96,3.03
8844,285.96,3.03
8846,284.20,3.03
8848,284.20,3.03
8849,284.20,3.03
8851,282.44,3.03
8853,282.44,3.03
8854,282.44,3.03
8856,280.68,3.03
8858,280.68,3.03
8859,278.92,3.03
8863,278.92,3.03
8864,278.92,3.03
8866,277.16,3.03
8868,277.16,3.03
8869,277.16,3.03
8871,275.75,3.03
8873,275.75,3.03
8874,275.75,3.03
8876,273.99,3.03
8878,273.99,3.03
8879,273.99,3.03
8882,272.59,3.03
8883,272.59,3.03
8885,270.83,3.03
8887,270.83,3.03
8888,270.83,3.03
8890,269.42,3.03
8892,269.42,3.03
8893,269.42,3.03
8896,268.01,3.03
8897,268.01,3.03
8899,268.01,3.03
8901,266.60,3.03
8902,266.60,3.03
8905,266.60,3.03
8907,265.55,3.03
8908,265.55,3.03
8910,265.55,3.03
8912,264.14,3.03
8914,264.14,3.03
8915,262.73,3.03
8917,262.73,3.03
8919,262.73,3.03
8921,262.03,3.03
8922,262.03,3.03
8924,262.03,3.03
8926,262.03,3.03
8927,262.03,3.03
8929,262.03,3.03
8931,262.03,3.03
8933,262.03,3.03
8934,262.03,3.03
8936,262.03,3.03
8938,262.03,3.03
8939,262.03,3.03
8941,262.03,3.03
8943,262.03,3.03
8944,262.03,3.03
8947,262.03,3.03
8949,262.03,3.03
8950,4.08,3.03
8952,4.08,3.03
8954,4.08,3.03
8955,4.08,3.03
8957,174.76,3.46
8958,174.76,3.46
8960,47.36,3.46
8962,47.36,3.46
8963,47.36,3.46
8966,76.57,2.81
8967,76.57,2.81
8968,76.57,2.81
8970,100.85,2.81
8972,100.85,2.81
8973,100.85,2.81
8975,118.80,2.81
8977,118.80,2.81
8978,118.80,2.81
8981,132.17,2.81
8982,132.17,2.81
8984,132.17,2.81
8986,142.03,2.81
8987,142.03,2.81
8990,142.03,2.81
8992,148.71,2.81
8993,148.71,2.15
8995,148.71,2.15
8997,46.31,2.15
8998,46.31,2.15
9000,74.11,0.40
9002,74.11,0.40
9003,74.11,0.40
9005,74.11,0.40
9007,97.69,0.40
9008,97.69,0.40
9010,115.28,0.40
9012,115.28,0.40
9013,115.28,0.40
9015,127.95,0.40
9017,127.95,0.40
9018,127.95,0.40
9021,137.10,0.40
9022,137.10,0.40
9024,137.10,0.40
9026,144.14,0.40
9027,144.14,0.40
9029,144.14,0.40
9032,149.42,0.40
9034,149.42,-0.26
9035,149.42,-0.26
9037,44.19,-0.26
9039,44.19,-0.26
9041,72.35,-0.91
9043,72.35,-0.91
9044,72.35,-0.91
9046,95.93,-0.91
9048,95.93,-0.91
9049,95.93,-0.91
9051,113.17,-0.91
9053,113.17,-0.91
9054,113.17,-0.91
9057,126.19,-0.91
9058,126.19,-0.91
9060,135.69,-0.91
9062,135.69,-0.91
9064,135.69,-0.91
9066,143.08,-0.91
9067,143.08,-0.91
9069,143.08,-0.91
9071,148.71,-1.57
9073,148.71,-1.57
9075,43.84,-1.57
9078,43.84,-1.57
9079,43.84,-1.57
9082,72.00,-3.76
9083,72.00,-3.76
9084,72.00,-3.76
9086,95.57,-3.76
9088,95.57,-3.76
9089,95.57,-3.76
9092,113.52,-3.76
9093,113.52,-3.76
9095,113.52,-3.76
9097,126.54,-3.76
9099,126.54,-3.76
9101,136.40,-3.76
9102,136.40,-3.76
9104,136.40,-3.76
9106,144.14,-3.76
9108,144.14,-3.76
9109,144.14,-3.76
9112,150.12,-4.20
9113,150.12,-4.20
9115,44.90,-4.20
9118,44.90,-4.20
9119,44.90,-5.73
9122,73.76,-5.73
9123,73.76,-5.73
9125,73.76,-5.73
9127,98.04,-5.73
9128,98.04,-5.73
9130,98.04,-5.73
9132,116.34,-5.73
9133,116.34,-5.73
9135,130.06,-5.73
9137,130.06,-5.73
9139,130.06,-5.73
9141,140.97,-5.73
9143,140.97,-5.73
9144,140.97,-5.73
9146,149.07,-5.73
9148,149.07,-5.73
9150,47.36,-5.73
9152,47.36,-5.73
9153,47.36,-5.73
9156,75.87,-6.17
9157,75.87,-6.17
9158,75.87,-6.17
9162,100.15,-6.17
9163,100.15,-6.17
9165,100.15,-6.17
9167,118.10,-6.17
9168,118.10,-6.17
9170,118.10,-6.17
9172,131.47,-6.17
9174,131.47,-6.17
9175,141.32,-6.17
9178,141.32,-6.17
9179,141.32,-6.17
9181,136.75,-6.17
9183,136.75,-6.17
9185,136.75,-6.17
9187,262.03,-6.17
9188,262.03,-6.17
9190,262.03,-6.17
9192,262.03,-6.17
9194,262.03,-6.17
9196,262.03,-6.17
9197,262.03,-6.17
9199,262.03,-6.17
9201,262.03,-6.17
9204,262.03,-6.17
9205,262.03,-6.17
9208,262.03,-6.17
9209,262.03,-6.17
9211,262.03,-6.17
9213,262.03,-6.17
9214,262.03,-6.17
9217,263.09,-6.17
9218,263.09,-6.17
9220,263.09,-6.17
9222,264.14,-6.17
9224,264.14,-6.17
9225,265.55,-6.17
9227,265.55,-6.17
9229,265.55,-6.17
9231,266.96,-6.17
9233,266.96,-6.17
9234,266.96,-6.17
9237,268.36,-6.17
9238,268.36,-6.17
9240,269.42,-6.17
9242,269.42,-6.17
9244,269.42,-6.17
9247,271.18,-6.17
9248,271.18,-6.17
9250,271.18,-6.17
9252,272.59,-6.17
9254,272.59,-6.17
9255,273.99,-6.17
9258,273.99,-6.17
9259,273.99,-6.17
9262,275.75,-6.17
9263,275.75,-6.17
9265,275.75,-6.17
9267,277.51,-6.17
9268,277.51,-6.17
9270,278.92,-6.17
9272,278.92,-6.17
9274,278.92,-6.17
9276,280.68,-6.17
9278,280.68,-6.17
9279,280.68,-6.17
9282,282.44,-6.17
9283,282.44,-6.17
9285,284.20,-6.17
9288,284.20,-6.17
9290,284.20,-6.17
9292,285.96,-6.17
9293,285.96,-6.17
9295,285.96,-6.17
9297,287.72,-6.17
9299,287.72,-6.17
9300,289.83,-6.17
9303,289.83,-6.17
9304,289.83,-6.17
9306,291.59,-6.17
9308,291.59,-6.17
9310,291.59,-6.17
9312,293.35,-6.17
9313,293.35,-6.17
9315,295.46,-6.17
9317,295.46,-6.17
9319,295.46,-6.17
9321,297.57,-6.17
9323,297.57,-6.17
9324,297.57,-6.17
9326,299.33,-6.17
9328,299.33,-6.17
9329,301.44,-6.17
9333,301.44,-6.17
9334,301.44,-6.17
9337,303.56,-6.17
9338,303.56,-6.17
9340,303.56,-6.17
9342,305.67,-6.17
9344,305.67,-6.17
9345,307.78,-6.17
9347,307.78,-6.17
9349,307.78,-6.17
9351,309.89,-6.17
9353,309.89,-6.17
9354,309.89,-6.17
9357,312.00,-6.17
9358,312.00,-6.17
9360,314.11,-6.17
9362,314.11,-6.17
9364,314.11,-6.17
9366,316.22,-6.17
9367,316.22,-6.17
9369,316.22,-6.17
9371,318.34,-6.17
9374,318.34,-6.17
9375,320.45,-6.17
9378,320.45,-6.17
9379,320.45,-6.17
9382,322.56,-6.17
9383,322.56,-6.17
9385,322.56,-6.17
9387,325.02,-6.17
9388,325.02,-6.17
9390,327.13,-6.17
9392,327.13,-6.17
9394,327.13,-6.17
9396,329.25,-6.17
9398,329.25,-6.17
9399,329.25,-6.17
9401,331.36,-6.17
9403,331.36,-6.17
9404,331.36,-6.17
9407,333.82,-6.17
9408,333.82,-6.17
9411,335.93,-6.17
9412,335.93,-6.17
9414,335.93,-6.17
9417,338.04,-6.17
9419,338.04,-6.17
9420,338.04,-6.17
9422,340.15,-6.17
9424,340.15,-6.17
9426,342.27,-6.17
9428,342.27,-6.17
9429,342.27,-6.17
9432,344.38,-6.17
9433,344.38,-6.17
9435,344.38,-6.17
9437,346.49,-6.17
9439,346.49,-6.17
9440,348.60,-6.17
9442,348.60,-6.17
9444,348.60,-6.17
9446,-9.30,-6.17
9448,-9.30,-6.17
9449,-9.30,-6.17
9451,-7.18,-6.17
9453,-7.18,-6.17
9454,-7.18,-6.17
9457,-5.43,-6.17
9459,-5.43,-6.17
9461,-3.31,-6.17
9463,-3.31,-6.17
9464,-3.31,-6.17
9466,-1.55,-6.17
9468,-1.55,-6.17
9469,-1.55,-6.17
9471,0.56,-6.17
9473,0.56,-6.17
9474,0.56,-6.17
9476,2.32,-6.17
9478,2.32,-6.17
9479,2.32,-6.17
9481,4.43,-6.17
9483,4.43,-6.17
9484,4.43,-6.17
9486,6.19,-6.17
9488,6.19,-6.17
9489,6.19,-6.17
9491,7.95,-6.17
9492,7.95,-6.17
9494,7.95,-6.17
9496,9.71,-6.17
9497,9.71,-6.17
9499,9.71,-6.17
9502,11.47,-6.17
9503,11.47,-6.17
9505,11.47,-6.17
9507,13.23,-6.17
9509,13.23,-6.17
9510,13.23,-6.17
9512,14.99,-6.17
9514,14.99,-6.17
9515,16.75,-6.17
9517,16.75,-6.17
9519,16.75,-6.17
9520,18.15,-6.17
9522,18.15,-6.17
9524,18.15,-6.17
9526,19.91,-6.17
9528,19.91,-6.17
9529,19.91,-6.17
9531,21.32,-6.17
9533,21.32,-6.17
9534,21.32,-6.17
9536,22.73,-6.17
9538,22.73,-6.17
9539,22.73,-6.17
9541,24.49,-6.17
9544,24.49,-6.17
9545,25.54,-6.17
9548,25.54,-6.17
9549,25.54,-6.17
9551,26.95,-6.17
9553,26.95,-6.17
9554,26.95,-6.17
9557,28.36,-6.17
9558,28.36,-6.17
9559,28.36,-6.17
9562,29.77,-6.17
9563,29.77,-6.17
9565,29.77,-6.17
9567,31.17,-6.17
9568,31.17,-6.17
9570,31.17,-6.17
9572,32.23,-6.17
9573,32.23,-6.17
9575,33.29,-6.17
9577,33.29,-6.17
9579,33.29,-6.17
9581,34.34,-6.17
9582,34.34,-6.17
9584,34.34,-6.17
9587,35.40,-6.17
9588,35.40,-6.17
9590,35.40,-6.17
9592,36.45,-6.17
9593,36.45,-6.17
9595,36.45,-6.17
9597,37.51,-6.17
9599,37.51,-6.17
9600,38.56,-6.17
9602,38.56,-6.17
9604,38.56,-6.17
9605,39.27,-6.17
9608,39.27,-6.17
9609,39.27,-6.17
9611,40.32,-6.17
9613,40.32,-6.17
9614,40.32,-6.17
9616,41.03,-6.17
9618,41.03,-6.17
9619,41.03,-6.17
9621,41.73,-6.17
9623,41.73,-6.17
9624,41.73,-6.17
9627,42.44,-6.17
9628,42.44,-6.17
9631,43.14,-6.17
9633,43.14,-6.17
9634,43.14,-6.17
9636,43.84,-6.17
9638,43.84,-6.17
9639,43.84,-6.17
9641,44.55,-6.17
9643,44.55,-6.17
9644,44.55,-6.17
9647,45.25,-6.17
9648,45.25,-6.17
9650,45.25,-6.17
9652,45.60,-6.17
9653,45.60,-6.17
9655,45.60,-6.17
9657,46.31,-6.17
9659,46.31,-6.17
9660,46.66,-6.17
9662,46.66,-6.17
9664,46.66,-6.17
9666,47.01,-6.17
9667,47.01,-6.17
9669,47.01,-6.17
9672,47.36,-6.17
9673,47.36,-6.17
9675,47.36