1,180.39,169.91
2,180.39,169.91
4,180.39,169.91
6,180.39,169.91
7,180.39,169.91
8,180.39,169.91
10,180.39,169.91
12,180.39,169.91
13,180.39,169.91
15,180.39,169.91
17,180.39,169.91
18,180.39,169.91
21,180.39,169.91
22,180.39,169.91
23,180.39,169.91
26,180.39,169.91
27,180.39,169.91
30,180.39,169.91
32,180.74,169.91
33,180.74,169.91
35,180.74,169.91
37,180.74,169.91
38,180.74,169.91
40,180.74,169.91
42,180.74,169.91
44,180.74,169.91
46,180.74,169.91
47,180.74,169.91
49,180.74,169.91
51,180.74,169.91
52,180.74,169.91
54,180.74,169.91
56,180.74,169.69
58,180.74,169.69
59,180.74,169.69
61,180.39,169.69
63,180.39,169.69
64,180.39,169.69
66,180.74,169.69
68,180.74,169.69
69,180.39,169.69
72,180.39,169.69
74,180.39,169.69
76,180.39,169.69
78,180.39,169.69
79,180.39,169.69
81,180.39,169.69
83,180.39,169.47
84,180.39,169.47
86,180.39,169.47
88,180.39,169.47
89,180.39,169.47
91,180.39,169.47
93,180.39,169.47
94,180.39,169.47
97,180.39,169.47
98,180.39,169.25
100,180.39,169.25
102,180.39,169.25
103,180.39,169.25
106,180.39,169.25
107,180.39,169.25
109,180.39,169.25
111,180.39,169.25
113,180.39,169.03
115,180.39,169.03
117,180.39,169.03
119,180.39,169.03
121,180.39,169.03
123,180.39,169.03
124,180.39,169.03
127,180.39,169.03
128,180.39,169.03
130,180.39,168.81
132,180.39,168.81
133,180.39,168.81
136,180.39,168.81
137,180.39,168.81
139,180.39,168.81
141,180.39,168.81
143,180.39,168.81
144,180.39,168.81
146,180.39,168.81
148,180.39,168.81
150,180.39,168.81
152,180.39,168.81
153,180.39,168.81
156,180.39,168.59
158,180.39,168.59
160,180.39,168.59
162,180.39,168.59
164,180.39,168.59
165,180.74,168.59
167,180.74,168.59
169,180.74,168.59
171,180.74,168.59
173,180.74,168.37
174,180.74,168.37
177,180.74,168.37
178,180.74,168.37
180,180.39,168.37
182,180.39,168.37
184,180.39,168.15
186,180.74,168.15
187,180.74,168.15
189,180.74,168.15
191,180.74,168.15
193,180.74,167.93
194,180.74,167.93
196,180.74,167.93
198,180.74,167.93
201,180.74,167.93
203,180.74,167.72
204,180.74,167.72
207,180.74,167.72
208,180.74,167.72
210,180.39,167.50
212,180.39,167.50
214,180.39,167.50
216,180.39,167.50
217,180.39,167.28
219,180.39,167.28
221,180.39,167.28
223,180.39,167.28
224,180.39,167.06
227,180.39,167.06
228,180.39,167.06
230,180.39,167.06
232,180.39,167.06
234,180.39,166.84
236,180.39,166.84
237,180.39,166.84
239,180.39,166.84
241,180.39,166.84
244,180.39,166.62
245,180.39,166.62
247,180.39,166.62
249,180.39,166.62
251,180.39,166.62
253,180.39,166.40
255,180.39,166.40
257,180.39,166.40
258,180.39,166.40
260,180.39,166.40
262,180.39,166.40
264,180.39,166.18
266,180.39,166.18
267,180.39,166.18
269,180.39,166.18
271,180.03,166.18
273,180.03,165.96
274,180.39,165.96
277,180.39,165.96
278,180.39,165.96
281,180.03,165.96
282,180.03,165.96
284,180.03,165.96
287,180.03,165.96
289,180.03,165.74
290,180.03,165.74
292,180.03,165.74
294,180.03,165.74
296,180.03,165.74
298,180.03,165.74
299,180.03,165.74
302,179.68,165.74
303,179.68,165.74
305,180.03,165.74
307,180.03,165.74
309,180.03,165.74
311,180.03,165.74
312,180.03,165.74
314,180.03,165.74
316,180.03,165.74
318,180.03,165.74
319,180.03,165.74
321,180.03,165.74
323,180.03,165.74
325,180.03,165.74
328,180.03,165.74
329,180.03,165.74
332,180.03,165.74
333,180.03,165.74
335,180.03,165.74
337,180.03,165.74
339,180.03,165.74
341,180.03,165.74
342,180.03,165.74
344,180.03,165.74
346,180.03,165.74
348,180.03,165.74
349,180.03,165.74
352,180.03,165.74
353,180.03,165.74
356,179.68,165.74
357,179.68,165.74
359,179.68,165.74
361,180.03,165.74
362,180.03,165.74
364,180.03,165.74
366,180.39,165.74
368,180.39,165.74
369,180.03,165.74
373,180.03,165.74
374,180.03,165.74
377,180.39,165.74
378,180.39,165.74
380,180.39,165.74
382,180.03,165.74
384,180.03,165.74
385,180.39,165.74
387,180.39,165.74
389,180.39,165.74
391,180.39,165.74
393,180.39,165.74
394,180.39,165.74
396,180.39,165.52
398,180.39,165.52
400,180.03,165.52
402,180.03,165.52
404,180.03,165.52
406,180.39,165.52
407,180.39,165.52
409,180.39,165.52
411,180.39,165.52
414,180.39,165.52
415,180.03,165.52
417,180.03,165.52
419,180.03,165.52
421,180.39,165.52
423,180.39,165.52
424,180.39,165.52
427,180.39,165.52
428,180.39,165.52
430,180.03,165.52
432,180.03,165.52
434,180.03,165.52
436,180.03,165.52
437,180.03,165.31
439,180.03,165.31
441,180.39,165.31
443,180.39,165.31
444,180.03,165.31
447,180.03,165.31
448,180.03,165.31
451,180.03,165.31
452,180.03,165.31
454,180.03,165.31
457,180.03,165.31
458,180.03,165.31
460,180.03,165.31
462,180.03,165.31
464,180.03,165.31
466,180.03,165.31
468,180.03,165.31
469,180.03,165.31
471,180.03,165.31
473,180.03,165.31
474,180.03,165.31
477,180.39,165.31
478,180.39,165.31
481,180.03,165.31
482,180.03,165.31
484,180.03,165.31
486,180.03,165.31
488,180.03,165.31
489,180.03,165.31
491,180.03,165.31
493,180.03,165.31
495,180.03,165.31
497,180.03,165.31
499,180.03,165.31
502,180.03,165.31
503,180.03,165.31
505,180.03,165.31
507,180.03,165.31
508,180.03,165.31
510,179.68,165.31
512,179.68,165.31
514,179.68,165.31
516,180.03,165.31
518,180.03,165.31
519,180.03,165.31
521,180.03,165.31
523,180.03,165.31
525,180.03,165.31
527,180.03,165.31
528,180.03,165.31
531,180.03,165.31
532,180.03,165.31
534,180.03,165.31
536,180.03,165.31
538,180.03,165.31
539,180.03,165.31
542,180.03,165.31
544,180.03,165.31
546,180.03,165.31
548,180.03,165.31
549,180.03,165.31
552,180.03,165.31
553,180.03,165.31
555,180.03,165.31
557,180.03,165.31
559,180.03,165.31
561,180.03,165.31
562,180.03,165.31
564,180.03,165.31
566,179.68,165.31
568,179.68,165.31
569,179.68,165.31
572,180.03,165.31
573,180.03,165.31
575,180.03,165.31
577,180.03,165.31
579,180.03,165.31
581,180.03,165.31
582,180.03,165.31
585,180.03,165.31
587,180.03,165.31
589,180.03,165.31
590,180.03,165.31
592,180.03,165.31
594,180.03,165.31
596,180.03,165.31
598,180.03,165.31
599,180.03,165.31
602,180.03,165.31
603,180.03,165.31
605,180.03,165.31
607,180.03,165.31
609,180.03,165.31
611,180.03,165.31
612,180.03,165.31
614,180.03,165.31
616,180.03,165.31
618,180.03,165.31
619,180.03,165.31
622,180.03,165.31
623,180.03,165.31
625,180.03,165.31
628,180.03,165.31
630,180.03,165.31
632,180.03,165.31
633,180.03,165.31
635,180.03,165.31
637,180.03,165.31
639,180.03,165.31
641,180.03,165.31
643,180.03,165.31
644,180.03,165.31
646,180.03,165.31
648,180.03,165.31
650,180.03,165.31
652,180.03,165.31
653,180.03,165.31
656,179.68,165.31
657,179.68,165.31
659,179.68,165.31
661,180.03,165.31
663,180.03,165.31
664,180.03,165.31
666,180.03,165.31
668,180.03,165.31
671,180.03,165.31
673,180.03,165.31
674,180.03,165.31
677,179.68,165.31
678,179.68,165.31
680,179.68,165.31
682,180.03,165.31
684,180.03,165.31
685,180.03,165.31
687,180.03,165.31
689,180.03,165.31
691,180.03,165.31
693,180.03,165.31
694,180.03,165.31
696,180.03,165.31
698,180.03,165.31
700,180.03,165.31
702,180.03,165.31
704,180.03,165.31
706,180.03,165.31
707,180.03,165.31
709,180.03,165.31
712,180.03,165.31
714,180.03,165.31
715,180.03,165.31
717,180.03,165.31
719,180.03,165.31
721,179.33,165.31
723,179.33,165.31
724,179.33,165.31
727,180.03,165.31
728,180.03,165.31
730,180.03,165.31
732,180.03,165.31
734,180.03,165.31
736,180.03,165.31
737,180.03,165.31
739,180.03,165.31
741,180.03,165.31
743,180.03,165.31
744,180.03,165.31
746,180.03,165.31
748,180.03,165.31
750,180.03,165.31
752,180.03,165.31
755,180.03,165.31
757,180.03,165.31
758,180.03,165.31
760,180.03,165.31
762,180.03,165.31
764,180.03,165.31
765,180.03,165.31
767,180.03,165.31
769,180.03,165.31
771,180.03,165.31
773,180.03,165.31
774,180.03,165.31
777,180.03,165.31
778,180.03,165.31
780,180.03,165.31
782,180.03,165.31
784,180.03,165.31
786,180.03,165.31
787,180.03,165.31
789,180.03,165.31
791,180.03,165.31
793,180.03,165.31
794,180.03,165.31
798,180.03,165.31
799,180.03,165.31
802,180.03,165.31
803,180.03,165.31
805,180.03,165.31
807,180.03,165.31
808,180.03,165.31
810,180.03,165.31
812,180.03,165.31
814,180.03,165.31
816,180.03,165.31
818,180.03,165.31
819,180.03,165.31
821,179.68,165.31
823,179.68,165.31
825,179.68,165.31
827,180.03,165.31
829,180.03,165.31
831,180.03,165.31
832,180.03,165.31
834,180.03,165.31
836,180.03,165.31
838,180.03,165.31
840,180.03,165.31
842,180.03,165.31
844,180.03,165.31
846,180.03,165.31
848,180.03,165.31
849,180.03,165.31
852,180.03,165.31
853,180.03,165.31
855,180.03,165.31
857,180.03,165.31
858,180.03,165.31
860,180.03,165.31
862,180.03,165.31
864,180.03,165.31
866,180.03,165.31
868,180.03,165.31
869,180.03,165.31
871,180.03,165.31
873,180.03,165.31
875,180.03,165.31
877,180.03,165.31
879,180.03,165.31
881,180.03,165.31
883,180.03,165.31
885,180.03,165.31
887,180.03,165.31
889,180.03,165.31
890,180.03,165.31
892,180.03,165.31
894,180.03,165.31
896,180.39,165.31
898,180.39,165.31
899,180.39,165.31
902,180.03,165.31
903,180.03,165.31
905,180.03,165.31
907,180.39,165.31
908,180.39,165.31
911,180.03,165.31
912,180.03,165.31
914,180.03,165.31
916,180.39,165.31
918,180.39,165.31
919,180.39,165.31
921,180.39,165.31
923,180.39,165.31
926,180.39,165.31
928,180.39,165.31
930,180.39,165.31
932,180.39,165.31
933,180.39,165.31
935,180.39,165.31
937,180.39,165.31
939,180.39,165.31
940,180.39,165.31
942,180.39,165.31
944,180.39,165.31
946,180.39,165.31
948,180.39,165.31
949,180.39,165.31
952,180.39,165.31
953,180.39,165.31
955,180.39,165.31
957,180.39,165.31
959,180.39,165.31
961,180.39,165.31
962,180.39,165.31
964,180.39,165.31
966,180.39,165.31
969,180.39,165.31
970,180.39,165.31
972,180.39,165.31
974,180.39,165.31
976,180.03,165.31
978,180.03,165.31
980,180.03,165.31
982,180.39,165.31
983,180.39,165.31
985,180.39,165.31
987,180.39,165.31
989,180.39,165.31
991,180.39,165.31
992,180.39,165.31
994,180.39,165.31
996,180.39,165.31
998,180.39,165.31
999,180.39,165.31
1002,180.39,165.31
1003,180.39,165.31
1006,180.39,165.31
1007,180.39,165.31
1009,180.39,165.31
1012,180.39,165.31
1014,180.39,165.31
1016,180.39,165.31
1018,180.39,165.31
1020,180.39,165.31
1022,180.39,165.31
1023,180.39,165.31
1025,181.09,165.31
1027,181.09,165.31
1029,181.09,165.31
1031,180.74,165.31
1033,180.74,165.31
1035,180.74,165.31
1037,180.74,165.31
1039,180.74,165.09
1041,180.74,165.09
1043,180.74,165.09
1044,180.74,165.09
1047,180.74,165.09
1048,180.74,165.09
1051,180.74,165.09
1052,180.74,165.09
1055,180.74,165.09
1057,180.74,165.09
1059,180.74,164.87
1061,180.74,164.87
1063,180.74,164.87
1064,180.74,164.87
1067,180.74,164.87
1068,180.74,164.87
1070,180.74,164.87
1072,180.74,164.65
1074,180.74,164.65
1076,180.74,164.65
1078,180.74,164.65
1080,180.74,164.43
1082,180.74,164.43
1084,180.74,164.43
1086,180.74,164.43
1088,180.74,164.21
1089,180.74,164.21
1092,180.74,164.21
1093,180.74,164.21
1097,180.74,163.99
1098,180.74,163.99
1100,180.74,163.99
1102,180.74,163.77
1104,180.74,163.77
1106,180.74,163.77
1108,180.74,163.77
1110,180.74,163.55
1112,180.74,163.55
1113,180.74,163.55
1115,180.74,163.34
1117,180.74,163.34
1119,180.74,163.34
1121,180.74,163.12
1123,180.74,163.12
1125,181.09,163.12
1127,181.09,162.90
1129,181.09,162.90
1131,180.74,162.90
1133,180.74,162.68
1134,180.74,162.68
1137,180.74,162.68
1139,180.74,162.46
1142,180.74,162.46
1143,180.74,162.46
1145,180.74,162.24
1147,180.74,162.24
1149,180.74,162.24
1150,180.74,162.02
1153,180.74,162.02
1154,180.74,161.80
1157,180.74,161.80
1158,180.74,161.80
1160,180.74,161.80
1162,180.74,161.58
1164,180.74,161.58
1166,180.74,161.36
1168,180.74,161.36
1170,180.74,161.36
1172,180.74,161.15
1173,180.74,161.15
1176,180.74,161.15
1177,180.74,160.93
1179,180.74,160.93
1182,180.74,160.93
1184,180.74,160.71
1186,180.74,160.71
1188,180.74,160.71
1190,180.74,160.49
1192,180.74,160.49
1194,180.74,160.49
1195,180.74,160.27
1197,180.74,160.27
1199,180.74,160.27
1201,180.74,160.05
1203,180.74,160.05
1205,180.74,159.83
1207,180.74,159.83
1209,180.74,159.83
1211,180.74,159.61
1213,180.74,159.61
1214,180.74,159.61
1217,180.74,159.39
1218,180.74,159.39
1220,180.74,159.39
1222,180.74,159.17
1225,180.74,159.17
1227,180.74,159.17
1229,180.74,158.96
1230,180.74,158.96
1233,180.74,158.96
1234,180.74,158.74
1237,180.74,158.74
1238,180.74,158.74
1240,180.74,158.74
1242,180.74,158.52
1244,180.74,158.52
1246,180.74,158.52
1248,180.74,158.30
1249,180.74,158.30
1252,180.74,158.30
1253,180.74,158.30
1255,180.74,158.08
1257,180.74,158.08
1259,180.74,158.08
1261,180.74,157.86
1263,180.74,157.86
1265,180.74,157.86
1268,180.74,157.86
1270,180.74,157.64
1272,180.74,157.64
1274,180.74,157.64
1275,181.09,157.64
1278,181.09,157.42
1279,181.09,157.42
1282,181.09,157.42
1283,181.09,157.42
1285,181.09,157.20
1287,181.09,157.20
1289,181.09,157.20
1291,181.09,156.98
1293,181.09,156.98
1294,181.09,156.98
1297,181.09,156.98
1298,181.09,156.77
1300,181.09,156.77
1302,181.09,156.77
1304,181.09,156.55
1306,181.09,156.55
1308,181.09,156.55
1311,181.79,156.33
1313,181.79,156.33
1315,181.79,156.33
1317,181.44,156.11
1318,181.44,156.11
1320,181.44,155.89
1322,181.44,155.89
1324,181.44,155.89
1326,181.44,155.67
1328,181.44,155.67
1330,181.44,155.45
1332,181.44,155.45
1334,181.44,155.45
1336,181.44,155.23
1338,181.44,155.23
1339,181.44,155.01
1342,181.44,155.01
1343,181.44,154.79
1345,181.44,154.79
1347,181.44,154.58
1349,181.44,154.58
1352,181.44,154.36
1354,181.44,154.36
1356,181.79,154.14
1358,181.79,154.14
1360,181.79,153.92
1362,181.44,153.70
1364,181.44,153.70
1365,181.44,153.48
1367,181.44,153.48
1369,181.44,153.26
1371,181.44,153.26
1373,181.44,153.04
1375,181.44,153.04
1377,181.79,152.82
1379,181.79,152.82
1381,181.44,152.60
1383,181.44,152.60
1384,181.44,152.38
1387,181.44,152.17
1388,181.44,152.17
1390,181.79,151.95
1392,181.79,151.95
1395,181.79,151.73
1397,181.79,151.73
1399,181.79,151.51
1401,181.79,151.51
1403,181.79,151.29
1405,181.79,151.29
1407,181.79,151.07
1409,181.79,150.85
1410,181.79,150.85
1413,181.79,150.63
1414,181.79,150.63
1416,181.79,150.41
1418,181.79,150.41
1420,181.79,150.20
1422,181.79,149.98
1424,181.79,149.98
1426,181.79,149.76
1428,181.79,149.76
1429,181.79,149.54
1432,182.15,149.54
1433,182.15,149.32
1435,182.15,149.10
1438,182.15,149.10
1440,182.15,148.88
1442,182.15,148.88
1444,182.15,148.66
1445,182.15,148.44
1448,182.15,148.44
1449,182.15,148.22
1452,182.15,148.22
1453,182.15,148.01
1455,182.15,147.79
1457,182.15,147.79
1459,182.15,147.57
1461,182.15,147.35
1463,182.15,147.35
1465,182.15,147.13
1467,182.15,146.91
1469,182.15,146.91
1470,182.15,146.69
1472,182.15,146.69
1474,182.15,146.47
1477,182.50,146.25
1478,182.50,146.25
1481,182.50,146.03
1483,182.50,145.82
1485,182.50,145.82
1487,182.50,145.60
1489,182.50,145.38
1490,182.50,145.16
1493,182.50,144.94
1494,182.50,144.94
1497,182.85,144.72
1498,182.85,144.50
1500,182.85,144.28
1502,182.85,144.06
1504,182.85,144.06
1506,182.85,143.84
1508,182.85,143.63
1510,182.85,143.41
1512,182.85,143.19
1513,182.85,142.97
1515,182.85,142.75
1517,182.85,142.53
1519,182.85,142.53
1521,182.85,142.09
1524,182.85,142.09
1526,182.85,141.65
1528,182.85,141.44
1530,182.85,141.44
1532,183.20,141.00
1534,183.20,140.78
1535,183.20,140.56
1538,183.20,140.34
1539,183.20,140.12
1542,183.20,139.90
1543,183.20,139.68
1545,183.20,139.46
1547,183.55,139.03
1549,183.55,138.81
1551,183.20,138.59
1553,183.20,138.37
1555,183.20,137.93
1557,183.20,137.71
1558,183.20,137.49
1560,183.20,137.05
1562,183.20,136.84
1564,183.20,136.40
1567,183.20,136.18
1569,183.20,135.96
1571,183.20,136.18
1573,183.20,135.74
1575,183.20,135.52
1577,183.20,135.30
1579,183.20,134.87
1580,183.20,134.65
1583,183.20,134.21
1584,183.20,133.99
1587,183.20,133.55
1588,183.20,133.33
1590,183.20,132.89
1592,183.20,132.68
1594,183.20,132.46
1596,183.20,132.02
1598,183.20,131.80
1599,183.20,131.36
1602,183.55,130.92
1604,183.55,130.70
1606,183.20,130.70
1609,183.20,130.49
1610,183.20,130.05
1612,183.20,129.83
1614,183.20,129.39
1616,183.20,129.17
1618,183.20,128.73
1620,183.20,128.51
1622,183.20,128.08
1624,183.20,127.86
1625,183.55,127.64
1628,183.55,127.42
1630,183.55,127.20
1632,183.20,127.20
1633,183.20,126.76
1635,183.20,126.32
1637,183.20,126.10
1639,183.20,125.89
1641,183.55,125.45
1643,183.55,125.01
1645,183.55,124.57
1647,183.55,124.35
1649,183.55,123.91
1652,183.55,123.91
1654,183.55,123.48
1655,183.55,123.04
1658,183.55,122.82
1659,183.55,122.38
1662,183.55,122.38
1663,183.55,122.16
1665,183.55,121.51
1667,183.55,121.29
1669,183.55,120.85
1670,183.55,120.41
1673,183.55,119.97
1674,183.55,119.75
1677,183.55,119.75
1678,183.55,119.32
1680,183.55,118.88
1682,183.55,118.44
1684,183.55,118.00
1686,183.55,117.56
1688,183.55,117.13
1690,183.55,116.69
1692,183.55,116.25
1695,183.55,115.81
1697,183.55,115.37
1699,183.55,114.94
1700,183.55,114.94
1703,183.90,114.50
1704,183.90,114.06
1707,183.55,114.06
1708,183.55,113.62
1710,183.55,112.96
1712,183.55,112.53
1714,183.55,112.31
1716,183.90,111.65
1718,183.90,111.21
1720,183.90,110.77
1722,183.90,110.34
1724,183.90,109.90
1725,183.90,109.68
1728,183.90,109.24
1729,183.90,108.80
1731,183.90,108.15
1733,183.90,107.71
1736,183.90,107.27
1738,183.90,106.83
1740,183.90,106.40
1742,183.55,105.74
1744,183.55,105.30
1745,183.55,105.08
1748,183.90,104.64
1749,183.90,104.20
1752,183.90,103.99
1753,183.90,103.55
1755,183.90,103.33
1757,183.90,102.89
1759,183.90,102.45
1761,183.90,101.80
1763,183.90,101.36
1765,183.90,100.70
1767,183.90,100.26
1769,183.90,99.83
1770,183.90,99.17
1772,183.90,98.73
1774,183.90,98.29
1776,183.90,98.07
1779,183.90,97.63
1780,183.90,96.98
1783,183.90,96.54
1784,183.90,96.10
1786,183.90,95.44
1788,183.90,95.01
1790,183.90,94.57
1792,183.90,94.35
1793,183.90,93.91
1795,183.90,93.26
1797,183.90,92.82
1799,183.90,92.38
1800,183.90,92.16
1803,183.90,91.72
1804,183.90,91.28
1806,184.26,91.06
1808,184.26,90.63
1810,184.26,89.97
1812,184.26,89.53
1813,184.26,89.09
1815,184.26,88.44
1817,184.26,88.00
1819,184.26,87.34
1822,184.61,87.12
1824,184.61,86.68
1825,184.61,86.03
1828,184.61,85.59
1829,184.61,85.15
1831,184.61,84.93
1833,184.61,84.50
1834,184.61,83.84
1837,184.61,83.62
1838,184.61,83.18
1840,184.61,82.96
1842,184.61,82.52
1844,184.61,81.87
1845,184.61,81.65
1847,184.61,81.21
1849,184.61,80.77
1851,184.61,80.55
1853,184.61,79.90
1854,184.61,79.46
1857,184.61,78.80
1858,184.61,78.36
1860,184.61,77.71
1862,184.96,77.27
1865,184.96,76.61
1866,184.96,76.17
1868,184.96,75.73
1870,184.96,75.30
1872,184.96,75.08
1874,184.96,74.42
1875,184.96,73.98
1878,185.31,73.54
1879,185.31,72.89
1881,185.31,72.67
1883,185.31,72.23
1885,185.31,71.79
1887,185.31,71.57
1888,185.31,70.92
1890,185.31,70.26
1892,185.31,69.60
1894,185.31,69.16
1895,185.66,68.95
1898,185.66,68.29
1899,185.66,67.85
1902,185.66,67.19
1903,185.66,66.76
1905,185.66,66.32
1908,185.66,65.88
1909,185.66,65.22
1911,186.02,64.79
1913,186.02,64.35
1915,186.02,63.69
1917,186.02,63.47
1919,186.02,62.81
1920,186.02,61.94
1923,186.02,61.28
1924,186.02,60.84
1926,186.02,60.40
1928,186.02,59.75
1930,186.02,59.09
1932,186.02,58.43
1933,186.02,58.00
1935,186.02,57.56
1937,186.02,56.90
1939,186.02,56.24
1940,186.02,55.37
1943,186.02,54.71
1944,186.02,54.05
1946,186.02,53.40
1948,186.02,52.74
1950,186.02,52.08
1953,186.37,51.43
1954,186.37,50.77
1956,186.37,50.11
1958,186.37,49.46
1960,186.37,48.80
1962,186.37,48.14
1964,186.37,47.48
1965,186.37,46.83
1967,186.37,46.17
1969,186.37,45.51
1970,186.72,44.86
1973,186.72,44.20
1974,186.72,43.54
1977,186.72,42.88
1978,186.72,42.23
1980,186.72,41.35
1982,186.72,40.70
1984,186.72,40.04
1985,186.72,39.60
1987,186.72,38.94
1989,186.72,38.29
1992,186.72,37.85
1994,186.72,37.19
1995,186.72,36.32
1998,187.07,35.88
1999,187.07,35.22
2001,187.07,34.34
2003,187.07,33.69
2005,187.07,33.03
2007,187.07,32.81
2008,187.07,32.15
2010,187.07,31.72
2012,187.42,31.06
2014,187.42,30.40
2015,187.42,29.53
2018,187.42,28.87
2019,187.42,28.21
2021,187.42,27.77
2023,187.42,27.12
2025,187.42,26.46
2027,187.78,25.58
2028,187.78,24.93
2030,187.78,24.49
2032,187.78,23.83
2035,187.78,23.18
2037,188.13,22.30
2039,188.13,21.64
2040,188.13,20.98
2042,188.13,20.55
2044,188.13,19.89
2046,188.13,19.01
2048,188.13,18.36
2049,188.13,17.70
2051,188.48,16.82
2053,188.48,16.17
2055,188.48,15.51
2057,188.48,15.07
2059,188.48,14.42
2060,188.48,13.76
2062,188.48,13.10
2064,188.48,12.44
2066,188.83,11.79
2068,188.83,11.13
2069,188.83,10.47
2072,188.83,9.60
2073,188.83,8.94
2075,188.83,8.72
2078,189.18,8.06
2079,189.18,7.41
2081,189.18,6.53
2083,189.18,5.87
2085,189.18,5.22
2086,189.54,4.56
2088,189.54,3.90
2090,189.54,3.25
2092,190.24,2.81
2093,190.24,2.37
2095,190.24,1.71
2097,191.30,1.28
2098,191.30,1.06
2100,191.30,0.84
2102,192.00,0.84
2104,192.00,1.06
2105,192.00,1.06
2107,195.52,1.28
2109,195.52,1.28
2110,196.22,1.49
2112,196.22,1.49
2114,196.22,1.71
2115,196.57,1.71
2118,196.57,1.93
2120,196.57,1.93
2122,197.28,1.93
2124,197.28,1.93
2125,197.28,1.93
2127,199.39,1.93
2129,199.39,1.93
2130,199.39,1.93
2133,197.98,1.93
2134,197.98,1.93
2136,197.98,1.93
2138,199.04,1.93
2139,199.04,1.93
2141,199.74,1.93
2143,199.74,1.93
2144,199.74,1.93
2146,200.44,1.93
2148,200.44,1.93
2149,200.44,1.93
2152,201.15,1.93
2153,201.15,1.93
2155,201.15,1.93
2157,201.85,1.93
2158,201.85,1.93
2160,201.85,1.93
2163,202.56,1.93
2164,202.56,1.93
2166,202.56,1.93
2168,203.61,1.93
2170,203.61,1.93
2171,204.32,1.93
2173,204.32,1.93
2175,204.32,1.93
2177,205.37,1.93
2178,205.37,1.93
2180,205.37,1.93
2182,206.08,1.93
2184,206.08,1.93
2185,206.08,1.93
2187,207.13,1.93
2189,207.13,1.93
2190,207.13,1.93
2192,208.19,1.93
2194,208.19,1.93
2195,209.24,1.93
2197,209.24,1.93
2199,209.24,1.93
2200,209.95,1.93
2203,209.95,1.93
2204,209.95,1.93
2207,211.00,1.93
2209,211.00,1.93
2210,211.00,1.93
2212,212.06,1.93
2214,212.06,1.93
2215,212.06,1.93
2218,213.11,1.93
2219,213.11,1.93
2221,213.11,1.93
2223,214.17,1.93
2224,214.17,1.93
2226,215.23,1.93
2228,215.23,1.93
2229,215.23,1.93
2232,213.82,1.93
2233,213.82,1.93
2235,213.82,1.93
2237,218.04,1.93
2238,218.04,1.93
2240,218.04,2.15
2242,215.93,2.15
2243,215.93,2.15
2245,215.93,2.15
2248,217.34,2.15
2249,217.34,2.15
2251,217.34,2.15
2253,218.74,2.37
2255,218.74,2.37
2256,220.15,2.37
2258,220.15,2.37
2260,220.15,2.37
2262,221.21,2.59
2263,221.21,2.59
2265,221.21,2.59
2267,222.62,2.59
2269,222.62,2.81
2270,222.62,2.81
2272,224.02,2.81
2274,224.02,2.81
2275,224.02,2.81
2277,225.78,3.03
2279,225.78,3.03
2280,227.19,3.03
2282,227.19,3.03
2284,227.19,3.03
2285,228.60,3.03
2288,228.60,3.03
2289,228.60,3.03
2292,230.01,3.03
2294,230.01,3.03
2295,230.01,3.03
2297,231.77,3.03
2299,231.77,3.03
2300,231.77,3.03
2303,233.52,3.03
2304,233.52,3.03
2306,233.52,3.03
2308,235.28,3.03
2309,235.28,3.03
2311,237.04,3.03
2313,237.04,3.03
2314,237.04,3.03
2317,238.80,3.03
2318,238.80,3.03
2319,238.80,3.03
2322,240.56,3.03
2323,240.56,3.03
2325,240.56,3.03
2327,242.32,3.03
2328,242.32,3.03
2330,242.32,3.03
2332,244.43,3.03
2334,244.43,3.03
2336,246.55,3.03
2338,246.55,3.03
2340,246.55,3.03
2341,248.66,3.03
2343,248.66,3.03
2345,248.66,3.03
2347,250.77,3.03
2348,250.77,3.03
2350,250.77,3.03
2352,252.88,3.03
2354,252.88,3.03
2355,252.88,3.03
2357,254.99,3.03
2359,254.99,3.03
2360,254.99,3.03
2362,257.10,3.03
2364,257.10,3.03
2365,259.57,3.03
2368,259.57,3.03
2369,259.57,3.03
2370,262.03,3.03
2373,262.03,3.03
2374,262.03,3.03
2377,262.03,3.03
2379,262.03,3.03
2380,262.03,3.03
2382,262.03,3.03
2384,262.03,3.03
2385,262.03,3.03
2388,262.03,3.03
2389,262.03,3.03
2391,262.03,3.03
2393,259.92,3.03
2394,259.92,3.03
2396,262.03,3.03
2398,262.03,3.03
2399,262.03,3.03
2401,262.03,3.03
2403,262.03,3.03
2404,262.03,3.03
2407,262.03,3.03
2408,262.03,3.03
2410,262.03,3.03
2412,263.79,3.03
2413,263.79,3.03
2415,263.79,3.03
2417,266.96,3.03
2419,266.96,3.03
2421,266.96,3.03
2423,269.77,3.03
2424,269.77,3.03
2426,272.59,3.03
2428,272.59,3.03
2430,272.59,3.03
2431,275.75,3.03
2433,275.75,3.03
2435,275.75,3.03
2437,278.57,3.03
2438,278.57,3.03
2440,278.57,3.03
2442,281.74,3.03
2444,281.74,3.03
2445,281.74,3.03
2447,284.90,3.03
2449,284.90,3.03
2450,284.90,3.03
2452,288.07,3.03
2454,288.07,3.03
2455,291.59,3.03
2457,291.59,3.03
2459,291.59,3.03
2462,294.76,3.03
2464,294.76,3.03
2465,294.76,3.03
2467,298.28,3.03
2469,298.28,3.03
2470,298.28,3.03
2472,301.44,3.03
2474,301.44,3.03
2475,301.44,3.03
2478,304.96,3.03
2479,304.96,3.03
2481,308.48,3.03
2483,308.48,3.03
2484,308.48,3.03
2486,312.00,3.03
2488,312.00,3.03
2489,312.00,3.03
2492,315.52,3.03
2493,315.52,3.03
2495,315.52,3.03
2497,319.04,3.03
2498,319.04,3.03
2500,319.04,3.03
2502,322.56,3.03
2504,322.56,3.03
2506,322.56,3.03
2508,326.08,3.03
2509,326.08,3.03
2511,329.95,3.03
2513,329.95,3.03
2515,329.95,3.03
2516,333.47,3.03
2518,333.47,3.03
2520,333.47,3.03
2522,337.34,3.03
2523,337.34,3.03
2525,337.34,3.03
2527,340.86,3.03
2529,340.86,3.03
2530,340.86,3.03
2532,344.38,3.03
2534,344.38,3.03
2535,344.38,3.03
2537,348.25,3.03
2539,348.25,3.03
2540,-8.24,3.03
2542,-8.24,3.03
2544,-8.24,3.03
2545,-4.37,3.03
2548,-4.37,3.03
2550,-4.37,3.03
2551,-0.85,3.03
2553,-0.85,3.03
2555,-0.85,3.03
2556,3.02,3.03
2558,3.02,3.03
2559,3.02,3.03
2561,6.54,3.03
2563,6.54,3.03
2564,6.54,3.03
2565,6.54,3.03
2567,10.06,3.03
2569,10.06,3.03
2570,10.06,3.03
2572,13.93,3.03
2574,13.93,3.03
2575,13.93,3.03
2577,17.45,3.03
2579,17.45,3.03
2580,17.45,3.03
2582,20.97,3.03
2583,20.97,3.03
2585,20.97,3.03
2587,24.49,3.03
2588,24.49,3.03
2591,24.49,3.03
2593,28.01,3.03
2594,28.01,3.03
2596,28.01,3.03
2598,31.53,3.03
2599,31.53,3.03
2600,31.53,3.03
2603,34.69,3.03
2604,34.69,3.03
2605,34.69,3.03
2608,38.21,3.03
2609,38.21,3.03
2610,38.21,3.03
2612,41.38,3.03
2614,41.38,3.03
2615,41.38,3.03
2617,44.90,3.03
2619,44.90,3.03
2620,44.90,3.03
2622,48.07,3.03
2624,48.07,3.03
2625,48.07,3.03
2627,51.59,3.03
2629,51.59,3.03
2630,51.59,3.03
2633,54.75,3.03
2634,54.75,3.03
2636,54.75,3.03
2638,57.92,3.03
2639,57.92,3.03
2641,57.92,3.03
2643,60.73,3.03
2644,60.73,3.03
2646,60.73,3.03
2648,63.90,3.03
2649,63.90,3.03
2650,63.90,3.03
2653,66.72,3.03
2654,66.72,3.03
2655,66.72,3.03
2658,69.53,3.03
2659,69.53,3.03
2660,69.53,3.03
2662,72.70,3.03
2664,72.70,3.03
2665,72.70,3.03
2667,75.52,3.03
2669,75.52,3.03
2670,75.52,3.03
2672,77.98,3.03
2675,77.98,3.03
2676,77.98,3.03
2678,80.79,3.03
2680,80.79,3.03
2681,83.61,3.03
2683,83.61,3.03
2684,83.61,3.03
2686,86.07,3.03
2688,86.07,3.03
2689,86.07,3.03
2691,88.54,3.03
2693,88.54,3.03
2694,88.54,3.03
2696,91.00,3.03
2698,91.00,3.03
2699,91.00,3.03
2700,93.46,3.03
2703,93.46,3.03
2704,93.46,3.03
2705,95.93,3.03
2708,95.93,3.03
2709,95.93,3.03
2710,98.04,3.03
2712,98.04,3.03
2714,98.04,3.03
2715,100.50,3.03
2718,100.50,3.03
2720,100.50,3.03
2721,102.61,3.03
2723,102.61,3.03
2725,102.61,3.03
2727,104.72,3.03
2729,104.72,3.03
2730,104.72,3.03
2732,106.48,3.03
2734,106.48,3.03
2735,106.48,3.03
2737,108.60,3.03
2739,108.60,3.03
2740,108.60,3.03
2743,110.71,3.03
2744,110.71,3.03
2746,112.82,3.03
2748,112.82,3.03
2749,112.82,3.03
2751,114.58,3.03
2753,114.58,3.03
2754,114.58,3.03
2757,116.34,3.03
2758,116.34,3.03
2761,116.34,3.03
2763,118.10,3.03
2764,118.10,3.03
2766,118.10,3.03
2768,119.86,3.03
2769,119.86,3.03
2771,119.86,3.03
2773,121.62,3.03
2774,121.62,3.03
2776,123.02,3.03
2778,123.02,3.03
2780,123.02,3.03
2782,124.78,3.03
2783,124.78,3.03
2785,124.78,3.03
2787,126.19,3.03
2788,126.19,3.03
2790,126.19,3.03
2792,127.95,3.03
2794,127.95,3.03
2795,127.95,3.03
2797,129.36,3.03
2799,129.36,3.03
2800,130.77,3.03
2803,130.77,3.03
2805,130.77,3.03
2806,132.17,3.03
2809,132.17,3.03
2810,132.17,3.03
2812,133.23,3.03
2814,133.23,3.03
2815,133.23,3.03
2817,134.64,3.03
2819,134.64,3.03
2820,134.64,3.03
2822,136.04,3.03
2824,136.04,3.03
2825,136.04,3.03
2828,137.10,3.03
2829,137.10,3.03
2831,138.16,3.03
2833,138.16,3.03
2834,138.16,3.03
2836,139.56,3.03
2838,139.56,3.03
2839,139.56,3.03
2842,140.62,3.03
2843,140.62,3.03
2846,140.62,3.03
2848,141.68,3.03
2849,141.68,3.03
2851,141.68,3.03
2853,142.73,3.03
2854,142.73,3.03
2856,143.43,3.03
2858,143.43,3.03
2860,143.43,3.03
2861,144.49,3.03
2863,144.49,3.03
2865,144.49,3.03
2867,148.71,3.03
2868,148.71,3.25
2870,148.71,3.25
2872,148.01,3.46
2873,148.01,3.68
2875,148.01,3.90
2877,149.07,4.12
2879,149.07,4.34
2880,149.07,4.56
2882,149.77,4.78
2884,149.77,5.00
2885,150.12,5.44
2888,150.12,5.65
2890,150.12,6.09
2891,151.18,6.53
2894,151.18,6.75
2895,151.18,7.19
2897,151.88,7.63
2899,151.88,7.85
2900,151.88,8.28
2903,152.94,8.94
2904,152.94,9.16
2905,152.94,9.82
2908,153.64,10.25
2909,153.64,10.69
2911,154.70,11.35
2913,154.70,11.79
2915,154.70,12.23
2917,155.40,12.44
2918,155.40,12.88
2920,155.40,13.32
2922,156.46,13.76
2924,156.46,14.20
2925,157.51,14.85
2928,157.51,15.29
2929,157.51,15.95
2932,158.22,16.17
2934,158.22,16.60
2936,158.22,17.48
2938,158.92,18.14
2939,158.92,18.58
2941,159.62,19.45
2943,159.62,20.11
2945,159.62,20.55
2947,160.68,20.98
2949,160.68,21.64
2950,160.68,22.30
2952,161.38,22.74
2954,161.38,23.39
2956,162.09,24.27
2958,162.09,24.93
2959,162.09,25.58
2962,163.14,26.24
2963,163.14,26.68
2965,163.14,27.34
2967,163.85,27.77
2969,163.85,28.43
2970,163.85,28.87
2972,164.55,29.53
2975,164.55,30.18
2977,165.61,30.62
2979,165.61,31.28
2980,165.61,31.72
2983,166.31,32.37
2984,166.31,33.03
2986,166.31,33.47
2988,167.01,34.13
2990,167.01,34.78
2992,167.72,35.22
2993,167.72,35.88
2995,167.72,36.53
2997,168.42,37.19
2999,168.42,37.85
3000,168.42,38.72
3003,169.12,39.38
3004,169.12,40.04
3007,169.83,40.48
3008,169.83,41.13
3010,169.83,41.79
3012,170.53,42.23
3013,170.53,42.88
3016,170.53,43.76
3018,171.24,44.20
3020,171.24,44.86
3021,171.94,45.51
3024,171.94,46.17
3025,171.94,46.83
3028,172.64,47.27
3029,172.64,47.92
3031,172.64,48.58
3033,173.35,49.24
3035,173.35,49.89
3036,174.05,50.77
3038,174.05,51.43
3040,174.05,51.86
3042,174.40,52.52
3044,174.40,53.18
3045,174.40,53.84
3048,175.11,54.49
3049,175.11,55.15
3051,175.46,55.81
3053,175.46,56.46
3055,175.46,57.12
3057,176.16,57.56
3059,176.16,58.22
3061,176.16,59.09
3063,176.87,59.53
3065,176.87,60.19
3066,177.57,60.62
3069,177.57,61.06
3070,177.57,61.72
3072,177.92,62.16
3074,177.92,62.60
3076,177.92,63.03
3078,178.27,63.47
3079,178.27,63.91
3081,178.63,64.13
3083,178.63,64.79
3085,178.63,65.22
3087,179.33,65.88
3089,179.33,66.32
3090,179.33,66.32
3092,180.39,66.76
3094,180.39,67.19
3096,180.74,67.63
3098,180.74,68.07
3099,180.74,68.29
3103,181.44,68.29
3104,181.44,68.51
3106,181.44,68.95
3108,181.79,69.16
3110,181.79,69.38
3111,182.50,69.60
3113,182.50,69.82
3115,182.50,69.82
3117,182.85,70.04
3119,182.85,70.04
3120,182.85,70.04
3123,182.85,70.04
3124,182.85,70.26
3126,183.20,70.04
3128,183.20,70.04
3130,183.20,70.04
3132,183.90,70.04
3133,183.90,69.82
3135,183.90,69.82
3137,183.90,69.60
3139,183.90,69.38
3140,184.26,69.16
3144,184.26,69.16
3145,184.26,68.95
3147,184.61,68.73
3149,184.61,68.51
3150,184.61,68.29
3153,184.61,67.85
3154,184.61,67.63
3156,184.61,67.41
3158,184.96,66.97
3160,184.96,66.76
3162,184.96,66.32
3164,184.96,66.10
3165,184.96,65.66
3167,184.96,65.22
3169,184.96,64.79
3170,184.96,64.35
3173,184.61,63.91
3174,184.61,63.47
3176,184.61,62.81
3178,184.61,62.60
3180,184.61,62.16
3182,184.61,61.94
3184,184.61,61.50
3185,184.61,61.28
3188,184.96,60.84
3190,184.96,60.40
3191,184.96,59.75
3194,184.96,59.31
3195,184.96,58.87
3198,184.61,58.22
3199,184.61,57.56
3201,184.61,57.12
3203,184.61,56.68
3205,184.61,56.24
3206,184.61,55.81
3208,184.61,55.37
3210,184.61,54.93
3212,184.61,54.05
3214,184.61,53.62
3215,184.61,53.40
3217,184.61,52.74
3219,184.61,52.30
3221,184.26,51.43
3223,184.26,50.99
3224,184.26,50.33
3227,184.26,49.89
3228,184.26,49.24
3231,184.26,48.58
3233,184.26,48.14
3235,184.26,47.48
3236,183.90,47.27
3239,183.90,46.61
3240,183.90,46.17
3242,184.26,45.73
3244,184.26,45.29
3246,184.26,44.42
3248,184.61,43.98
3249,184.61,43.32
3251,184.61,43.10
3253,184.61,42.67
3255,184.61,42.01
3257,184.61,41.79
3259,184.61,41.13
3260,184.61,40.91
3262,184.26,40.26
3264,184.26,39.82
3266,184.61,39.38
3268,184.61,38.72
3269,184.61,38.29
3273,184.61,37.63
3274,184.61,36.97
3276,184.61,36.32
3278,184.61,35.88
3280,184.61,35.44
3281,184.26,35.00
3283,184.26,34.56
3285,184.26,33.91
3287,184.61,33.69
3289,184.61,33.25
3290,184.61,32.37
3293,184.61,31.93
3294,184.61,31.28
3296,184.61,31.06
3298,184.96,30.62
3300,184.96,29.96
3302,184.96,29.74
3304,184.96,29.09
3305,184.96,28.87
3307,185.31,28.21
3309,185.31,27.77
3310,185.31,27.34
3313,185.31,26.90
3315,185.31,26.24
3318,185.31,25.37
3319,185.31,24.93
3321,185.31,24.27
3323,185.31,23.61
3324,185.31,22.96
3326,185.31,22.52
3328,185.31,22.08
3330,185.31,21.42
3332,185.66,20.98
3334,185.66,20.33
3335,185.66,19.89
3338,185.66,19.45
3339,185.66,18.79
3341,185.66,18.36
3343,185.66,17.92
3344,185.66,17.26
3346,185.66,16.60
3348,185.66,15.95
3350,185.66,15.29
3352,185.66,14.63
3354,185.66,13.98
3355,185.66,13.54
3359,186.02,12.88
3360,186.02,12.23
3362,186.02,11.79
3364,186.02,11.13
3366,186.02,10.47
3368,186.02,10.04
3369,186.02,9.38
3371,186.02,8.94
3373,186.02,8.28
3374,186.02,7.63
3376,186.02,6.97
3378,186.02,6.31
3380,186.02,5.87
3381,186.02,5.44
3383,186.02,4.78
3385,186.02,4.12
3387,186.72,3.68
3388,186.72,3.25
3390,186.72,2.59
3392,187.07,2.15
3394,187.07,1.93
3395,187.07,1.49
3397,187.78,1.49
3400,187.78,1.71
3401,187.78,1.71
3403,190.59,1.93
3405,190.59,1.93
3406,193.05,2.15
3409,193.05,2.15
3410,193.05,2.37
3412,192.00,2.37
3414,192.00,2.59
3415,192.00,2.59
3417,192.00,2.59
3419,192.00,2.59
3420,192.00,2.59
3422,192.00,2.59
3424,192.00,2.59
3425,192.00,2.59
3428,192.70,2.59
3429,192.70,2.59
3431,192.70,2.59
3433,193.05,2.59
3434,193.05,2.59
3436,193.76,2.59
3438,193.76,2.59
3439,193.76,2.59
3443,194.46,2.59
3444,194.46,2.59
3446,194.46,2.59
3448,194.81,2.59
3449,194.81,2.59
3451,194.81,2.59
3453,195.17,2.59
3454,195.17,2.59
3456,195.17,2.59
3458,196.22,2.59
3460,196.22,2.59
3461,196.57,2.59
3463,196.57,2.59
3465,196.57,2.59
3466,197.28,2.59
3468,197.28,2.59
3470,197.28,2.59
3472,197.98,2.59
3474,197.98,2.59
3475,197.98,2.59
3477,198.69,2.59
3479,198.69,2.59
3480,198.69,2.59
3482,199.39,2.59
3484,199.39,2.59
3486,199.39,2.59
3488,200.09,2.59
3490,200.09,2.59
3491,200.44,2.59
3494,200.44,2.59
3495,200.44,2.59
3497,201.15,2.59
3499,201.15,2.59
3500,201.15,2.59
3503,201.85,2.59
3504,201.85,2.59
3505,201.85,2.59
3508,202.56,2.59
3509,202.56,2.59
3511,202.56,2.59
3513,203.61,2.59
3514,203.61,2.59
3516,203.61,2.59
3518,204.32,2.59
3519,204.32,2.59
3521,205.02,2.59
3523,205.02,2.59
3525,205.02,2.59
3528,205.72,2.59
3529,205.72,2.59
3531,205.72,2.59
3533,206.78,2.59
3534,206.78,2.59
3536,206.78,2.59
3538,207.48,2.59
3539,207.48,2.59
3541,207.48,2.59
3543,208.54,2.59
3545,208.54,2.59
3546,209.59,2.59
3548,209.59,2.59
3550,209.59,2.59
3551,210.30,2.59
3554,210.30,2.59
3555,210.30,2.59
3557,211.35,2.59
3559,211.35,2.59
3560,211.35,2.59
3562,212.41,2.59
3564,212.41,2.59
3565,212.41,2.59
3567,213.11,2.59
3569,213.11,2.59
3571,213.11,2.59
3574,214.52,2.59
3575,214.52,2.59
3577,215.58,2.59
3579,215.58,2.59
3580,215.58,2.59
3582,213.82,2.59
3584,213.82,2.59
3585,213.82,2.59
3587,216.98,2.59
3589,216.98,2.59
3590,216.98,2.59
3593,216.28,2.59
3594,216.28,2.81
3596,216.28,2.81
3598,217.34,2.81
3599,217.34,2.81
3601,217.34,2.81
3603,218.74,2.81
3604,218.74,3.03
3606,219.80,3.03
3608,219.80,3.03
3610,219.80,3.03
3612,221.21,3.03
3614,221.21,3.03
3616,221.21,3.25
3618,222.62,3.25
3619,222.62,3.25
3621,222.62,3.25
3623,224.02,3.25
3624,224.02,3.25
3626,224.02,3.46
3628,225.43,3.46
3630,225.43,3.46
3631,226.84,3.46
3633,226.84,3.46
3635,226.84,3.46
3636,228.25,3.46
3638,228.25,3.46
3640,228.25,3.46
3642,229.65,3.46
3644,229.65,3.46
3645,229.65,3.46
3647,231.41,3.46
3649,231.41,3.46
3650,231.41,3.46
3652,233.17,3.46
3654,233.17,3.46
3656,233.17,3.46
3659,234.58,3.46
3660,234.58,3.46
3662,236.34,3.46
3664,236.34,3.46
3665,236.34,3.46
3667,238.10,3.46
3669,238.10,3.46
3670,238.10,3.46
3672,239.86,3.46
3674,239.86,3.46
3675,239.86,3.46
3678,241.62,3.46
3679,241.62,3.46
3681,241.62,3.46
3683,243.73,3.46
3684,243.73,3.46
3686,245.49,3.46
3688,245.49,3.46
3689,245.49,3.46
3691,247.60,3.46
3693,247.60,3.46
3695,247.60,3.46
3697,249.71,3.46
3699,249.71,3.46
3701,249.71,3.46
3703,251.82,3.46
3704,251.82,3.46
3706,251.82,3.46
3708,253.94,3.46
3710,253.94,3.46
3711,253.94,3.46
3713,256.05,3.46
3715,256.05,3.46
3716,258.51,3.46
3718,258.51,3.46
3720,258.51,3.46
3721,260.97,3.46
3723,260.97,3.46
3725,260.97,3.46
3727,262.03,3.46
3729,262.03,3.46
3730,262.03,3.46
3732,262.03,3.46
3734,262.03,3.46
3735,262.03,3.46
3737,262.03,3.46
3739,262.03,3.46
3740,262.03,3.46
3743,262.03,3.46
3745,262.03,3.46
3746,262.03,3.46
3748,262.03,3.46
3750,262.03,3.46
3751,262.03,3.46
3754,262.03,3.46
3755,262.03,3.46
3757,262.03,3.46
3759,262.03,3.46
3760,262.03,3.46
3762,262.03,3.46
3764,262.03,3.46
3765,262.03,3.46
3767,264.85,3.46
3769,264.85,3.46
3770,264.85,3.46
3773,267.66,3.46
3774,267.66,3.46
3776,267.66,3.46
3778,270.83,3.46
3779,270.83,3.46
3781,273.64,3.46
3784,273.64,3.46
3785,273.64,3.46
3787,276.81,3.46
3789,276.81,3.46
3790,276.81,3.46
3793,279.63,3.46
3794,279.63,3.46
3796,279.63,3.46
3798,282.79,3.46
3799,282.79,3.46
3801,282.79,3.46
3803,285.96,3.46
3805,285.96,3.46
3806,285.96,3.46
3808,289.13,3.46
3810,289.13,3.46
3811,292.65,3.46
3813,292.65,3.46
3815,292.65,3.46
3817,295.81,3.46
3818,295.81,3.46
3820,295.81,3.46
3822,299.33,3.46
3824,299.33,3.46
3825,299.33,3.46
3828,302.50,3.46
3830,302.50,3.46
3831,302.50,3.46
3833,306.02,3.46
3835,306.02,3.46
3836,309.54,3.46
3838,309.54,3.46
3840,309.54,3.46
3841,313.06,3.46
3844,313.06,3.46
3845,313.06,3.46
3847,316.22,3.46
3849,316.22,3.46
3850,316.22,3.46
3852,320.10,3.46
3854,320.10,3.46
3855,320.10,3.46
3857,323.61,3.46
3859,323.61,3.46
3860,323.61,3.46
3863,327.13,3.46
3864,327.13,3.46
3866,327.13,3.46
3868,330.65,3.46
3870,330.65,3.46
3872,334.52,3.46
3874,334.52,3.46
3875,334.52,3.46
3877,338.04,3.46
3879,338.04,3.46
3881,338.04,3.46
3883,341.56,3.46
3884,341.56,3.46
3886,341.56,3.46
3888,345.43,3.46
3889,345.43,3.46
3891,345.43,3.46
3893,348.95,3.46
3894,348.95,3.46
3896,348.95,3.46
3898,-7.18,3.46
3899,-7.18,3.46
3901,-7.18,3.46
3903,-3.67,3.46
3904,-3.67,3.46
3906,0.21,3.46
3908,0.21,3.46
3909,0.21,3.46
3910,0.21,3.46
3913,3.72,3.46
3915,3.72,3.46
3916,3.72,3.46
3918,7.24,3.46
3919,7.24,3.46
3921,7.24,3.46
3923,11.11,3.46
3924,11.11,3.46
3925,11.11,3.46
3928,14.63,3.46
3929,14.63,3.46
3930,14.63,3.46
3933,16.39,3.46
3934,16.39,3.46
3935,16.39,3.46
3937,16.04,3.46
3939,16.04,3.46
3940,16.04,3.46
3942,15.69,3.46
3944,15.69,3.46
3945,15.69,3.46
3947,14.99,3.46
3948,14.99,3.46
3950,14.99,3.46
3952,14.63,3.46
3953,14.63,3.46
3956,14.63,3.46
3958,13.93,3.46
3959,13.93,3.46
3961,13.93,3.46
3963,13.58,3.46
3964,13.58,3.46
3966,13.58,3.46
3968,13.58,3.46
3969,13.58,3.46
3970,13.58,3.46
3973,14.28,3.46
3974,14.28,3.46
3975,14.28,3.46
3977,14.99,3.46
3979,14.99,3.46
3980,14.99,3.46
3982,16.04,3.46
3984,16.04,3.46
3985,16.04,3.46
3987,17.45,3.46
3989,17.45,3.46
3990,17.45,3.46
3992,18.86,3.46
3994,18.86,3.46
3995,18.86,3.46
3998,20.62,3.46
3999,20.62,3.46
4001,20.62,3.46
4003,22.02,3.46
4004,22.02,3.46
4006,22.02,3.46
4008,23.78,3.46
4009,23.78,3.46
4011,23.78,3.46
4013,25.90,3.46
4014,25.90,3.46
4016,25.90,3.46
4018,27.30,3.46
4019,27.30,3.46
4020,27.30,3.46
4022,29.41,3.46
4024,29.41,3.46
4025,29.41,3.46
4027,31.17,3.46
4029,31.17,3.46
4030,31.17,3.46
4032,32.93,3.46
4034,32.93,3.46
4035,32.93,3.46
4037,34.69,3.46
4040,34.69,3.46
4041,34.69,3.46
4043,36.45,3.46
4045,36.45,3.46
4046,36.45,3.46
4048,38.21,3.46
4049,38.21,3.46
4051,38.21,3.46
4053,39.62,3.46
4054,39.62,3.46
4056,39.62,3.46
4058,41.38,3.46
4059,41.38,3.46
4061,41.38,3.46
4063,43.14,3.46
4064,43.14,3.46
4066,43.14,3.46
4068,44.55,3.46
4069,44.55,3.46
4070,44.55,3.46
4072,46.31,3.46
4074,46.31,3.46
4075,46.31,3.46
4077,48.07,3.46
4079,48.07,3.46
4080,48.07,3.46
4083,49.47,3.46
4085,49.47,3.46
4086,49.47,3.46
4088,50.88,3.46
4090,50.88,3.46
4091,50.88,3.46
4093,52.29,3.46
4095,52.29,3.46
4096,52.29,3.46
4098,53.70,3.46
4099,53.70,3.46
4101,53.70,3.46
4103,55.10,3.46
4104,55.10,3.46
4106,55.10,3.46
4108,56.51,3.46
4109,56.51,3.46
4111,56.51,3.46
4113,57.57,3.46
4114,57.57,3.46
4116,57.57,3.46
4118,58.98,3.46
4119,58.98,3.46
4120,58.98,3.46
4122,60.38,3.46
4124,60.38,3.46
4126,60.38,3.46
4128,61.44,3.46
4130,61.44,3.46
4131,61.44,3.46
4133,62.49,3.46
4135,62.49,3.46
4136,62.49,3.46
4138,63.90,3.46
4140,63.90,3.46
4141,63.90,3.46
4143,64.96,3.46
4145,64.96,3.46
4146,64.96,3.46
4148,65.66,3.46
4149,65.66,3.46
4151,65.66,3.46
4153,67.07,3.46
4154,67.07,3.46
4156,67.07,3.46
4158,67.77,3.46
4159,67.77,3.46
4161,67.77,3.46
4163,68.83,3.46
4164,68.83,3.46
4166,68.83,3.46
4169,69.88,3.46
4170,69.88,3.46
4171,69.88,3.46
4173,70.59,3.46
4175,70.59,3.46
4176,70.59,3.46
4178,71.64,3.46
4180,71.64,3.46
4181,71.64,3.46
4183,72.35,3.46
4185,72.35,3.46
4186,72.35,3.46
4188,73.40,3.46
4190,73.40,3.46
4191,73.40,3.46
4193,74.11,3.46
4194,74.11,3.46
4196,74.11,3.46
4198,74.81,3.46
4199,74.81,3.46
4201,74.81,3.46
4203,75.52,3.46
4204,75.52,3.46
4206,76.22,3.46
4208,76.22,3.46
4209,76.22,3.46
4212,76.92,3.46
4214,76.92,3.46
4215,76.92,3.46
4217,77.63,3.46
4219,77.63,3.46
4220,77.63,3.46
4221,78.33,3.46
4223,78.33,3.46
4225,78.33,3.46
4226,79.03,3.46
4228,79.03,3.46
4230,79.03,3.46
4231,79.74,3.46
4233,79.74,3.46
4235,79.74,3.46
4236,80.09,3.46
4238,80.09,3.46
4240,80.09,3.46
4241,80.79,3.46
4243,80.79,3.46
4244,80.79,3.46
4246,81.15,3.46
4248,81.15,3.46
4249,81.15,3.46
4251,81.85,3.46
4254,81.85,3.46
4255,81.85,3.46
4257,82.20,3.46
4259,82.20,3.46
4260,82.20,3.46
4262,82.91,3.46
4264,82.91,3.46
4265,82.91,3.46
4266,83.26,3.46
4269,83.26,3.46
4270,83.26,3.46
4271,83.61,3.46
4273,83.61,3.46
4275,83.61,3.46
4276,83.96,3.46
4278,83.96,3.46
4280,83.96,3.46
4281,84.66,3.46
4283,84.66,3.46
4285,84.66,3.46
4286,85.02,3.46
4288,85.02,3.46
4290,85.02,3.46
4291,85.37,3.46
4293,85.37,3.46
4294,85.37,3.46
4297,85.72,3.46
4299,85.72,3.46
4300,85.72,3.46
4302,86.07,3.46
4304,86.07,3.46
4305,86.07,3.46
4307,86.42,3.46
4309,86.42,3.46
4310,86.42,3.46
4312,86.78,3.46
4314,86.78,3.46
4315,86.78,3.46
4316,87.13,3.46
4319,87.13,3.46
4320,87.13,3.46
4321,87.13,3.46
4323,87.13,3.46
4325,87.13,3.46
4326,87.48,3.46
4328,87.48,3.46
4330,87.48,3.46
4331,87.83,3.46
4333,87.83,3.46
4335,87.83,3.46
4336,87.83,3.46
4339,87.83,3.46
4340,87.83,3.46
4342,88.18,3.46
4344,88.18,3.46
4345,88.18,3.46
4347,88.54,3.46
4349,88.54,3.46
4350,88.54,3.46
4351,88.54,3.46
4354,88.54,3.46
4355,88.54,3.46
4356,88.89,3.46
4359,88.89,3.46
4360,88.89,3.46
4361,88.89,3.46
4363,88.89,3.46
4365,88.89,3.46
4366,89.24,3.46
4368,89.24,3.46
4370,89.24,3.46
4371,89.24,3.46
4373,89.24,3.46
4374,89.24,3.46
4376,89.24,3.46
4378,89.24,3.46
4379,89.24,3.46
4382,89.59,3.46
4384,89.59,3.46
4385,89.59,3.46
4387,89.59,3.46
4389,89.59,3.46
4390,89.59,3.46
4392,89.59,3.46
4394,89.59,3.46
4395,89.59,3.46
4396,89.59,3.46
4398,89.59,3.46
4400,89.59,3.46
4401,89.59,3.46
4403,89.94,3.46
4405,89.94,3.46
4406,89.94,3.46
4408,89.94,3.46
4409,89.94,3.46
4411,89.94,3.46
4413,89.94,3.46
4414,89.94,3.46
4416,89.94,3.46
4418,89.94,3.46
4419,89.94,3.46
4421,89.94,3.46
4422,89.94,3.46
4425,89.94,3.46
4426,89.94,3.46
4428,89.94,3.46
4430,89.94,3.46
4431,89.94,3.46
4433,89.94,3.46
4435,89.94,3.46
4436,89.94,3.46
4438,89.94,3.46
4439,89.94,3.46
4441,89.94,3.46
4443,89.59,3.46
4444,89.59,3.46
4446,89.59,3.46
4448,89.59,3.46
4449,89.59,3.46
4451,89.59,3.46
4453,89.59,3.46
4454,89.59,3.46
4455,89.59,3.46
4458,89.59,3.46
4459,89.59,3.46
4460,89.59,3.46
4462,89.59,3.46
4464,89.59,3.46
4465,89.59,3.46
4468,89.24,3.46
4470,89.24,3.46
4471,89.24,3.46
4473,89.24,3.46
4474,89.24,3.46
4476,89.24,3.46
4478,89.24,3.46
4479,89.24,3.46
4481,89.24,3.46
4483,88.89,3.46
4484,88.89,3.46
4486,88.89,3.46
4488,88.89,3.46
4489,88.89,3.46
4490,88.89,3.46
4493,88.54,3.46
4494,88.54,3.46
4495,88.54,3.46
4497,88.54,3.46
4499,88.54,3.46
4500,88.54,3.46
4502,88.18,3.46
4504,88.18,3.46
4505,88.18,3.46
4507,87.83,3.46
4510,87.83,3.46
4511,87.83,3.46
4513,87.83,3.46
4514,87.83,3.46
4516,87.83,3.46
4518,87.48,3.46
4519,87.48,3.46
4521,87.48,3.46
4523,87.13,3.46
4524,87.13,3.46
4526,87.13,3.46
4528,86.78,3.46
4529,86.78,3.46
4531,86.78,3.46
4533,86.78,3.46
4534,86.78,3.46
4535,86.78,3.46
4537,86.42,3.46
4539,86.42,3.46
4540,86.42,3.46
4542,86.07,3.46
4544,86.07,3.46
4545,86.07,3.46
4547,85.72,3.46
4549,85.72,3.46
4550,85.72,3.46
4553,85.37,3.46
4555,85.37,3.46
4556,85.37,3.46
4558,85.02,3.46
4559,85.02,3.46
4561,85.02,3.46
4563,84.66,3.46
4564,84.66,3.46
4566,84.66,3.46
4568,84.31,3.46
4569,84.31,3.46
4571,84.31,3.46
4573,83.61,3.46
4574,83.61,3.46
4575,83.61,3.46
4578,83.26,3.46
4579,83.26,3.46
4580,83.26,3.46
4582,82.91,3.46
4584,82.91,3.46
4585,82.91,3.46
4587,82.20,3.46
4589,82.20,3.46
4590,82.20,3.46
4592,81.85,3.46
4595,81.85,3.46
4596,81.85,3.46
4598,81.50,3.46
4600,81.50,3.46
4601,81.50,3.46
4603,80.79,3.46
4605,80.79,3.46
4606,80.79,3.46
4608,80.09,3.46
4609,80.09,3.46
4611,80.09,3.46
4613,79.74,3.46
4614,79.74,3.46
4616,79.74,3.46
4618,79.03,3.46
4619,79.03,3.46
4621,79.03,3.46
4623,78.33,3.46
4624,78.33,3.46
4625,78.33,3.46
4628,77.63,3.46
4629,77.63,3.46
4630,77.63,3.46
4632,76.92,3.46
4634,76.92,3.46
4635,76.92,3.46
4638,76.57,3.46
4640,76.57,3.46
4641,76.57,3.46
4643,75.87,3.46
4645,75.87,3.46
4646,75.87,3.46
4648,75.16,3.46
4650,75.16,3.46
4651,75.16,3.46
4653,74.11,3.46
4655,74.11,3.46
4656,74.11,3.46
4658,73.40,3.46
4659,73.40,3.46
4661,73.40,3.46
4663,72.70,3.46
4664,72.70,3.46
4666,72.70,3.46
4668,71.64,3.46
4669,71.64,3.46
4671,71.64,3.46
4673,70.94,3.46
4674,70.94,3.46
4675,70.94,3.46
4678,70.24,3.46
4680,70.24,3.46
4681,70.24,3.46
4683,69.18,3.46
4685,69.18,3.46
4686,69.18,3.46
4688,68.12,3.46
4690,68.12,3.46
4691,68.12,3.46
4693,67.07,3.46
4695,67.07,3.46
4696,67.07,3.46
4698,66.37,3.46
4699,66.37,3.46
4701,66.37,3.46
4703,65.31,3.46
4704,65.31,3.46
4706,65.31,3.46
4708,64.25,3.46
4709,64.25,3.46
4711,64.25,3.46
4713,62.85,3.46
4714,62.85,3.46
4716,62.85,3.46
4718,61.79,3.46
4719,61.79,3.46
4721,61.79,3.46
4724,60.73,3.46
4725,60.73,3.46
4726,60.73,3.46
4729,59.33,3.46
4730,59.33,3.46
4731,59.33,3.46
4733,58.27,3.46
4735,58.27,3.46
4736,58.27,3.46
4738,56.86,3.46
4740,56.86,3.46
4741,56.86,3.46
4743,55.46,3.46
4745,55.46,3.46
4746,55.46,3.46
4748,54.05,3.46
4749,54.05,3.46
4751,54.05,3.46
4753,52.99,3.46
4754,52.99,3.46
4756,52.99,3.46
4758,51.59,3.46
4759,51.59,3.46
4761,51.59,3.46
4763,49.83,3.46
4764,49.83,3.46
4767,49.83,3.46
4769,48.42,3.46
4770,48.42,3.46
4772,48.42,3.46
4774,47.01,3.46
4775,47.01,3.46
4776,47.01,3.46
4779,45.25,3.46
4780,45.25,3.46
4781,43.84,3.46
4783,43.84,3.46
4785,43.84,3.46
4786,42.08,3.46
4788,42.08,3.46
4790,42.08,3.46
4791,40.32,3.46
4793,40.32,3.46
4795,40.32,3.46
4796,38.56,3.46
4798,38.56,3.46
4799,38.56,3.46
4801,36.80,3.46
4803,36.80,3.46
4804,36.80,3.46
4806,35.05,3.46
4809,35.05,3.46
4810,35.05,3.46
4812,33.29,3.46
4814,33.29,3.46
4815,33.29,3.46
4817,31.53,3.46
4819,31.53,3.46
4820,31.53,3.46
4822,29.41,3.46
4824,29.41,3.46
4825,29.41,3.46
4826,27.65,3.46
4829,27.65,3.46
4830,27.65,3.46
4831,25.54,3.46
4833,25.54,3.46
4835,25.54,3.46
4836,23.43,3.46
4838,23.43,3.46
4840,23.43,3.46
4841,21.32,3.46
4843,21.32,3.46
4845,21.32,3.46
4846,19.21,3.46
4848,19.21,3.46
4849,19.21,3.46
4852,17.10,3.46
4854,17.10,3.46
4855,17.10,3.46
4857,14.99,3.46
4859,14.99,3.46
4860,14.99,3.46
4862,12.87,3.46
4864,12.87,3.46
4865,12.87,3.46
4867,10.41,3.46
4869,10.41,3.46
4870,10.41,3.46
4872,8.30,3.46
4873,8.30,3.46
4875,8.30,3.46
4876,5.84,3.46
4878,5.84,3.46
4880,5.84,3.46
4881,5.84,3.46
4883,3.37,3.46
4884,3.37,3.46
4885,3.37,3.46
4887,0.91,3.46
4889,0.91,3.46
4890,0.91,3.46
4892,-1.20,3.46
4895,-1.20,3.46
4896,-1.20,3.46
4898,-3.67,3.46
4899,-3.67,3.46
4901,-3.67,3.46
4903,-6.13,3.46
4904,-6.13,3.46
4906,-6.13,3.46
4908,-8.94,3.46
4909,-8.94,3.46
4911,-8.94,3.46
4913,348.60,3.46
4914,348.60,3.46
4916,348.60,3.46
4918,346.14,3.46
4919,346.14,3.46
4921,346.14,3.46
4923,343.67,3.46
4924,343.67,3.46
4926,343.67,3.46
4928,340.86,3.46
4930,340.86,3.46
4931,338.40,3.46
4933,338.40,3.46
4936,338.40,3.46
4938,335.93,3.46
4939,335.93,3.46
4941,335.93,3.46
4943,333.12,3.46
4945,333.12,3.46
4946,333.12,3.46
4948,330.65,3.46
4950,330.65,3.46
4951,330.65,3.46
4953,327.84,3.46
4955,327.84,3.46
4956,325.37,3.46
4958,325.37,3.46
4960,325.37,3.46
4961,322.91,3.46
4964,322.91,3.46
4965,322.91,3.46
4967,320.10,3.46
4969,320.10,3.46
4970,320.10,3.46
4972,317.63,3.46
4974,317.63,3.46
4975,317.63,3.46
4979,315.17,3.46
4980,315.17,3.46
4982,315.17,3.46
4984,312.35,3.46
4985,312.35,3.46
4987,309.89,3.46
4989,309.89,3.46
4990,309.89,3.46
4992,307.07,3.46
4994,307.07,3.46
4995,307.07,3.46
4998,304.61,3.46
4999,304.61,3.46
5001,304.61,3.46
5003,302.15,3.46
5004,302.15,3.46
5006,302.15,3.46
5008,299.68,3.46
5009,299.68,3.46
5011,299.68,3.46
5013,297.22,3.46
5015,297.22,3.46
5016,294.76,3.46
5018,294.76,3.46
5020,294.76,3.46
5023,292.29,3.46
5024,292.29,3.46
5026,292.29,3.46
5028,289.83,3.46
5030,289.83,3.46
5031,289.83,3.46
5033,287.72,3.46
5035,287.72,3.46
5036,287.72,3.46
5038,285.26,3.46
5040,285.26,3.46
5041,282.79,3.46
5043,282.79,3.46
5045,282.79,3.46
5046,280.68,3.46
5049,280.68,3.46
5050,280.68,3.46
5052,278.22,3.46
5054,278.22,3.46
5055,278.22,3.46
5057,276.11,3.46
5059,276.11,3.46
5060,276.11,3.46
5064,273.99,3.46
5065,273.99,3.46
5067,273.99,3.46
5069,271.88,3.46
5070,271.88,3.46
5072,269.77,3.46
5074,269.77,3.46
5075,269.77,3.46
5077,267.66,3.46
5079,267.66,3.46
5081,267.66,3.46
5083,265.90,3.46
5084,265.90,3.46
5086,265.90,3.46
5088,263.79,3.46
5089,263.79,3.46
5091,263.79,3.46
5093,262.03,3.46
5094,262.03,3.46
5096,262.03,3.46
5098,262.03,3.46
5099,262.03,3.46
5101,262.03,3.46
5103,262.03,3.46
5105,262.03,3.46
5107,262.03,3.46
5109,262.03,3.46
5111,262.03,3.46
5113,167.36,3.46
5114,167.36,3.46
5116,167.36,3.46
5118,47.36,3.46
5119,47.36,3.46
5121,47.36,3.03
5123,77.63,3.03
5124,77.63,3.03
5126,77.63,3.03
5128,102.61,3.03
5129,102.61,3.03
5131,102.61,3.03
5133,118.10,3.03
5134,118.10,3.03
5136,118.10,3.03
5138,129.71,3.03
5140,129.71,3.03
5141,137.80,3.03
5143,137.80,3.03
5145,137.80,3.03
5146,143.43,3.03
5148,143.43,3.03
5151,143.43,3.03
5153,147.66,3.03
5154,147.66,2.37
5156,147.66,2.37
5158,41.38,2.37
5159,41.38,2.37
5161,41.38,1.49
5164,68.83,1.49
5165,68.83,1.49
5166,68.83,1.49
5168,91.35,1.49
5169,91.35,1.49
5171,91.35,1.49
5173,107.54,1.49
5174,107.54,1.49
5176,107.54,1.49
5178,119.15,1.49
5179,119.15,1.49
5181,119.15,1.49
5183,127.25,1.49
5185,127.25,1.49
5186,133.23,1.49
5188,133.23,1.49
5190,133.23,1.49
5192,137.45,1.49
5194,137.45,1.49
5196,137.45,1.49
5198,140.62,1.49
5199,140.62,1.49
5201,140.62,1.49
5203,142.73,1.49
5205,142.73,1.49
5206,142.73,1.49
5208,143.79,1.49
5210,143.79,1.49
5211,143.79,1.49
5214,144.84,0.62
5215,144.84,0.62
5216,33.99,0.62
5219,33.99,0.62
5220,33.99,0.62
5223,60.73,-1.79
5224,60.73,-1.79
5225,60.73,-1.79
5227,82.20,-1.79
5229,82.20,-1.79
5230,82.20,-1.79
5232,97.69,-1.79
5235,97.69,-1.79
5236,97.69,-1.79
5239,108.95,-1.79
5240,108.95,-1.79
5242,108.95,-1.79
5244,116.69,-1.79
5246,116.69,-1.79
5247,122.67,-1.79
5249,122.67,-1.79
5251,122.67,-1.79
5253,126.89,-1.79
5255,126.89,-1.79
5256,126.89,-1.79
5259,130.06,-1.79
5260,130.06,-1.79
5262,132.53,-1.79
5264,132.53,-1.79
5266,132.53,-1.79
5268,133.93,-1.79
5269,133.93,-1.79
5271,133.93,-1.79
5273,134.99,-1.79
5275,134.99,-1.79
5276,135.69,-1.79
5280,135.69,-1.79
5281,135.69,-1.79
5283,136.04,-1.79
5285,136.04,-1.79
5287,136.04,-1.79
5289,136.40,-1.79
5290,136.40,-1.79
5292,136.40,-1.79
5294,136.40,-1.79
5296,136.40,-1.79
5298,136.40,-1.79
5299,136.40,-1.79
5301,136.40,-1.79
5303,136.04,-1.79
5305,136.04,-1.79
5306,136.04,-1.79
5309,136.04,-1.79
5310,136.04,-1.79
5312,135.69,-1.79
5314,135.69,-1.79
5316,135.69,-1.79
5318,135.69,-1.79
5320,135.69,-1.79
5322,135.69,-1.79
5324,135.34,-1.79
5326,135.34,-1.79
5327,134.99,-1.79
5330,134.99,-1.79
5331,134.99,-1.79
5333,134.99,-1.79
5335,134.99,-1.79
5336,134.99,-1.79
5339,134.64,-1.79
5340,134.64,-1.79
5342,134.28,-1.79
5344,134.28,-1.79
5346,134.28,-1.79
5348,133.93,-1.79
5349,133.93,-1.79
5351,133.93,-1.79
5353,133.93,-1.79
5355,133.93,-1.79
5356,133.58,-1.79
5359,133.58,-1.79
5360,133.58,-1.79
5363,133.23,-1.79
5365,133.23,-1.79
5367,133.23,-1.79
5369,133.23,-1.79
5370,133.23,-1.79
5372,133.23,-1.79
5374,133.23,-1.79
5376,133.23,-1.79
5378,132.88,-1.79
5380,132.88,-1.79
5381,132.88,-1.79
5383,132.88,-1.79
5385,132.88,-1.79
5386,132.88,-1.79
5389,132.53,-1.79
5390,132.53,-1.79
5392,132.53,-1.79
5394,132.53,-1.79
5396,132.53,-1.79
5398,132.53,-1.79
5399,132.53,-1.79
5401,132.53,-1.79
5403,132.53,-1.79
5406,132.53,-1.79
5407,132.53,-1.79
5409,132.53,-1.79
5411,132.53,-1.79
5413,132.53,-1.79
5415,132.53,-1.79
5416,132.53,-1.79
5418,132.53,-1.79
5420,132.53,-1.79
5422,132.53,-1.79
5424,132.53,-1.79
5425,132.53,-1.79
5427,132.53,-1.79
5429,132.53,-1.79
5431,132.53,-1.79
5433,132.53,-1.79
5435,132.53,-1.79
5436,132.53,-1.79
5438,132.53,-1.79
5440,132.53,-1.79
5441,132.88,-1.79
5444,132.88,-1.79
5445,132.88,-1.79
5448,132.88,-1.79
5450,132.88,-1.79
5452,132.88,-1.79
5454,132.88,-1.79
5455,132.88,-1.79
5457,133.23,-1.79
5459,133.23,-1.79
5461,133.23,-1.79
5463,133.23,-1.79
5465,133.23,-1.79
5466,133.23,-1.79
5468,133.58,-1.79
5470,133.58,-1.79
5471,133.58,-1.79
5474,133.93,-1.79
5475,133.93,-1.79
5478,133.93,-1.79
5479,133.93,-1.79
5481,133.93,-1.79
5483,134.28,-1.79
5485,134.28,-1.79
5486,134.28,-1.79
5488,134.64,-1.79
5491,134.64,-1.79
5493,134.99,-1.79
5495,134.99,-1.79
5496,134.99,-1.79
5499,135.34,-1.79
5500,135.34,-1.79
5502,135.34,-1.79
5504,135.69,-1.79
5506,135.69,-1.79
5508,136.04,-1.79
5509,136.04,-1.79
5511,136.04,-1.79
5513,136.40,-1.79
5515,136.40,-1.79
5516,136.40,-1.79
5519,136.75,-1.79
5520,136.75,-1.79
5522,137.10,-1.79
5524,137.10,-1.79
5525,137.10,-1.79
5528,137.80,-1.79
5529,137.80,-1.79
5531,137.80,-1.79
5534,138.16,-1.79
5536,138.16,-1.79
5537,138.86,-1.79
5540,138.86,-1.79
5541,138.86,-1.79
5543,139.21,-1.79
5545,139.21,-1.79
5547,139.21,-1.79
5549,139.92,-1.79
5550,139.92,-1.79
5552,140.62,-1.79
5554,140.62,-1.79
5556,140.62,-1.79
5558,141.32,-1.79
5560,141.32,-1.79
5561,141.32,-1.79
5563,141.68,-1.79
5565,141.68,-1.79
5567,142.38,-1.79
5569,142.38,-1.79
5570,142.38,-1.79
5573,143.08,-1.79
5574,143.08,-1.79
5577,143.08,-1.79
5579,143.79,-1.79
5581,143.79,-1.79
5582,144.84,-1.79
5584,144.84,-2.23
5586,144.84,-2.23
5588,31.53,-2.23
5590,31.53,-2.23
5591,58.98,-4.64
5594,58.98,-4.64
5595,58.98,-4.64
5596,58.98,-4.64
5599,81.50,-4.64
5600,81.50,-4.64
5602,98.39,-4.64
5604,98.39,-4.64
5605,98.39,-4.64
5608,111.06,-4.64
5609,111.06,-4.64
5611,111.06,-4.64
5613,120.91,-4.64
5614,120.91,-4.64
5616,120.91,-4.64
5619,128.65,-4.64
5621,128.65,-4.64
5622,134.64,-4.64
5625,134.64,-4.64
5626,134.64,-4.64
5629,139.56,-4.64
5630,139.56,-4.64
5632,139.56,-4.64
5634,143.43,-4.64
5635,143.43,-4.64
5637,146.95,-4.64
5639,146.95,-5.29
5641,146.95,-5.29
5643,37.16,-5.29
5645,37.16,-5.29
5646,65.66,-7.05
5649,65.66,-7.05
5650,65.66,-7.05
5651,65.66,-7.05
5654,89.59,-7.05
5655,89.59,-7.05
5657,107.89,-7.05
5659,107.89,-7.05
5660,107.89,-7.05
5664,121.26,-7.05
5665,121.26,-7.05
5667,121.26,-7.05
5669,131.82,-7.05
5671,131.82,-7.05
5672,140.27,-7.05
5674,140.27,-7.05
5676,140.27,-7.05
5678,146.95,-7.05
5680,146.95,-8.14
5681,146.95,-8.14
5684,42.79,-8.14
5685,42.79,-8.14
5688,72.35,-8.36
5689,72.35,-8.36
5690,72.35,-8.36
5692,97.69,-8.36
5694,97.69,-8.36
5695,97.69,-8.36
5698,117.04,-8.36
5699,117.04,-8.36
5701,117.04,-8.36
5704,132.53,-8.36
5706,132.53,-8.36
5707,142.73,-8.36
5709,142.73,-8.36
5711,142.73,-8.36
5713,150.47,-8.36
5715,150.47,-9.02
5716,150.47,-9.02
5719,47.01,-9.02
5720,47.01,-9.02
5722,263.79,-8.58
5724,263.79,-8.58
5725,263.79,-8.58
5727,262.03,-8.58
5729,262.03,-8.58
5731,262.03,-8.58
5733,262.03,-8.58
5735,262.03,-8.58
5736,262.03,-8.58
5738,262.03,-8.58
5740,262.03,-8.58
5742,263.09,-8.58
5744,263.09,-8.58
5745,263.09,-8.58
5749,264.85,-8.58
5750,264.85,-8.58
5752,264.85,-8.58
5754,266.96,-8.58
5756,266.96,-8.58
5757,269.07,-8.58
5759,269.07,-8.58
5761,269.07,-8.58
5763,271.18,-8.58
5765,271.18,-8.58
5766,271.18,-8.58
5769,273.29,-8.58
5770,273.29,-8.58
5772,275.40,-8.58
5774,275.40,-8.58
5776,275.40,-8.58
5778,277.87,-8.58
5779,277.87,-8.58
5781,277.87,-8.58
5783,279.98,-8.58
5785,279.98,-8.58
5786,282.44,-8.58
5790,282.44,-8.58
5791,282.44,-8.58
5793,284.55,-8.58
5795,284.55,-8.58
5797,284.55,-8.58
5799,287.02,-8.58
5800,287.02,-8.58
5802,287.02,-8.58
5804,289.48,-8.58
5806,289.48,-8.58
5808,291.94,-8.58
5810,291.94,-8.58
5811,291.94,-8.58
5813,294.41,-8.58
5815,294.41,-8.58
5817,294.41,-8.58
5819,296.87,-8.58
5820,296.87,-8.58
5823,299.33,-8.58
5824,299.33,-8.58
5826,299.33,-8.58
5828,302.15,-8.58
5830,302.15,-8.58
5832,302.15,-8.58
5834,304.61,-8.58
5836,304.61,-8.58
5838,307.07,-8.58
5840,307.07,-8.58
5841,307.07,-8.58
5844,309.89,-8.58
5845,309.89,-8.58
5847,309.89,-8.58
5849,312.35,-8.58
5851,312.35,-8.58
5852,315.17,-8.58
5854,315.17,-8.58
5856,315.17,-8.58
5858,317.63,-8.58
5860,317.63,-8.58
5861,317.63,-8.58
5864,320.10,-8.58
5865,320.10,-8.58
5867,322.91,-8.58
5869,322.91,-8.58
5871,322.91,-8.58
5873,325.73,-8.58
5875,325.73,-8.58
5877,325.73,-8.58
5879,328.19,-8.58
5881,328.19,-8.58
5882,33