=~=~=~=~=~=~=~=~=~=~=~= PuTTY log 2025.04.12 19:18:22 =~=~=~=~=~=~=~=~=~=~=~=

dy<VR
px9R?S01R¦
(}$BAA!%
<>`?
dy<VR
px9R?S0









Found Edge
-43
-43
4294966558,-10.00,180.42
4294966560,-10.00,180.42
4294966561,-10.00,180.42
4294966563,214.87,180.42
4294966565,214.87,180.20
4294966566,214.87,180.20
4294966569,217.34,180.20
4294966570,217.34,179.98
4294966572,209.95,179.98
4294966575,209.95,179.76
4294966577,213.82,179.54
4294966580,213.82,179.32
4294966582,207.84,179.10
4294966585,207.84,178.88
4294966587,207.48,178.45
4294966590,207.48,178.01
4294966592,202.20,177.57
4294966595,202.20,177.13
4294966597,199.74,176.48
4294966601,199.74,176.04
4294966603,197.63,175.38
4294966605,197.63,174.94
4294966608,195.52,174.72
4294966611,195.52,173.85
4294966613,193.76,173.19
4294966615,193.76,172.97
4294966618,192.00,172.31
4294966620,192.00,171.88
4294966623,190.24,171.22
4294966625,190.24,170.56
4294966628,188.83,169.91
4294966630,188.83,169.25
4294966633,187.78,168.37
4294966635,186.37,167.93
4294966638,186.37,167.06
4294966640,185.31,166.62
4294966644,185.31,165.74
4294966646,183.90,164.87
4294966649,183.90,163.99
4294966651,183.20,163.34
4294966654,183.20,162.68
4294966656,182.15,161.80
4294966659,182.15,160.93
4294966661,181.09,160.05
4294966664,181.09,159.39
4294966666,180.03,158.74
4294966669,180.03,157.86
4294966671,178.98,157.42
4294966674,178.98,156.55
4294966676,178.98,155.67
4294966679,178.98,155.01
4294966681,178.27,154.79
4294966684,178.27,154.14
4294966688,178.27,153.70
4294966690,178.27,153.26
4294966693,177.22,152.82
4294966695,177.22,152.38
4294966698,178.98,152.17
4294966700,178.98,151.95
4294966703,176.51,151.73
4294966705,176.51,151.51
4294966708,182.85,151.51
4294966710,182.85,151.51
4294966713,178.27,151.29
4294966715,178.27,151.29
4294966718,176.16,151.29
4294966720,176.16,151.29
4294966723,179.68,151.29
4294966725,179.68,151.51
4294966729,175.46,151.51
4294966731,175.46,151.73
4294966734,177.92,151.95
4294966736,177.92,152.17
4294966739,175.81,152.38
4294966741,175.81,152.82
4294966744,177.22,153.04
4294966746,176.16,153.48
4294966749,176.16,153.92
4294966751,176.51,154.36
4294966754,176.51,154.79
4294966756,176.51,155.01
4294966759,176.51,155.45
4294966761,176.51,156.11
4294966764,176.51,156.55
4294966766,176.87,157.42
4294966769,176.87,158.08
4294966772,176.16,158.74
4294966775,176.16,159.39
4294966777,176.87,159.83
4294966780,176.87,160.49
4294966782,176.87,160.93
4294966785,176.87,161.58
4294966787,177.22,162.02
4294966790,177.22,162.90
4294966792,177.22,163.77
4294966795,177.22,164.43
4294966797,177.57,165.09
4294966800,177.57,165.74
4294966802,177.57,166.40
4294966805,177.57,167.06
4294966807,177.92,167.72
4294966810,177.92,168.37
4294966812,177.92,169.47
4294966816,177.92,170.12
4294966818,178.27,171.22
4294966821,178.27,171.88
4294966823,178.63,172.31
4294966825,178.63,173.19
4294966828,178.98,173.85
4294966830,178.98,174.50
4294966833,178.63,175.16
4294966836,178.63,175.38
4294966838,179.33,176.04
4294966840,179.33,176.48
4294966843,179.68,176.91
4294966845,179.68,177.57
4294966848,179.68,178.01
4294966850,179.68,178.45
4294966853,180.03,178.88
4294966856,180.03,179.32
4294966859,180.03,179.76
4294966861,180.03,180.20
4294966864,180.03,180.42
4294966866,180.39,180.86
4294966869,180.39,181.07
4294966871,180.39,181.29
4294966874,180.39,181.29
4294966876,180.39,181.51
4294966879,180.39,181.51
4294966881,180.74,181.73
4294966884,180.74,181.73
4294966886,180.74,181.73
4294966889,180.74,181.73
4294966891,180.74,181.73
4294966894,180.74,181.51
4294966896,180.74,181.51
4294966900,180.74,181.51
4294966902,180.74,181.29
4294966905,180.74,181.07
4294966907,180.74,181.07
4294966910,180.74,180.86
4294966912,180.39,180.64
4294966915,180.39,180.42
4294966917,180.39,180.20
4294966920,180.39,180.20
4294966922,180.74,179.98
4294966925,180.74,179.76
4294966927,180.39,179.54
4294966929,180.39,179.32
4294966932,180.39,179.10
4294966935,180.39,178.88
4294966937,180.39,178.45
4294966940,180.39,178.45
4294966943,180.39,178.01
4294966945,180.39,178.01
4294966948,180.39,177.57
4294966950,180.39,177.35
4294966953,180.39,177.13
4294966955,180.39,176.91
4294966958,180.03,176.69
4294966960,180.03,176.48
4294966963,179.68,176.26
4294966965,179.68,176.04
4294966968,180.03,175.82
4294966970,180.03,175.60
4294966973,179.68,175.38
4294966975,179.68,175.16
4294966978,180.03,175.16
4294966980,180.03,174.94
4294966984,180.03,174.72
4294966986,180.03,174.50
4294966989,180.03,174.50
4294966991,180.03,174.29
4294966994,180.03,174.07
4294966996,180.03,173.85
4294966999,180.03,173.85
4294967001,180.03,173.63
4294967004,180.03,173.63
4294967006,180.03,173.41
4294967009,180.03,173.19
4294967011,180.03,173.19
4294967014,180.03,172.97
4294967016,180.03,172.97
4294967019,180.03,172.75
4294967021,180.39,172.75
4294967024,180.39,172.53
4294967027,180.03,172.31
4294967030,180.03,172.31
4294967032,180.03,172.10
4294967035,180.03,172.10
4294967037,180.03,171.88
4294967040,180.03,171.88
4294967043,180.03,171.66
4294967045,180.03,171.66
4294967048,180.03,171.44
4294967050,180.03,171.44
4294967053,180.03,171.22
4294967055,180.03,171.22
4294967058,180.03,171.00
4294967060,180.03,171.00
4294967063,180.03,171.00
4294967065,180.03,170.78
4294967067,180.39,170.78
4294967071,180.39,170.56
4294967073,180.39,170.56
4294967076,180.39,170.34
4294967078,180.39,170.34
4294967080,180.39,170.12
4294967083,180.39,170.12
4294967085,180.39,169.91
4294967088,180.39,169.69
4294967090,180.39,169.69
4294967093,180.39,169.47
4294967095,180.39,169.25
4294967098,180.39,169.25
4294967100,180.39,169.03
4294967103,180.39,168.81
4294967105,180.39,168.81
4294967108,180.39,168.59
4294967110,180.39,168.37
4294967114,180.39,168.15
4294967116,180.39,167.93
4294967119,179.68,167.93
4294967121,179.68,167.72
4294967124,180.39,167.50
4294967126,180.39,167.28
4294967129,180.39,167.28
4294967131,180.39,167.06
4294967134,180.39,166.84
4294967136,180.39,166.84
4294967139,180.39,166.62
4294967141,180.39,166.40
4294967144,180.39,166.40
4294967146,180.39,166.18
4294967149,180.39,165.96
4294967151,180.03,165.74
4294967155,180.03,165.74
4294967157,180.39,165.52
4294967160,180.39,165.31
4294967162,180.39,165.09
4294967165,180.39,165.09
4294967167,180.39,164.87
4294967170,180.39,164.65
4294967172,180.39,164.43
4294967174,180.39,164.43
4294967177,180.39,164.21
4294967179,180.39,163.99
4294967182,180.39,163.77
4294967185,180.39,163.77
4294967187,180.39,163.55
4294967189,180.39,163.34
4294967192,180.39,163.12
4294967194,180.39,163.12
4294967198,180.39,162.90
4294967200,180.39,162.68
4294967203,180.39,162.46
4294967205,180.39,162.46
4294967208,180.39,162.24
4294967210,180.39,162.02
4294967213,180.39,161.80
4294967215,180.39,161.80
4294967218,180.03,161.58
4294967220,180.03,161.36
4294967223,180.39,161.36
4294967225,180.39,161.15
4294967228,180.39,160.93
4294967230,180.39,160.93
4294967233,180.74,160.71
4294967235,180.74,160.49
4294967238,180.74,160.49
4294967241,180.74,160.27
4294967244,180.74,160.05
4294967246,180.74,160.05
4294967249,180.74,159.83
4294967251,180.74,159.61
4294967254,180.39,159.39
4294967256,180.39,159.17
4294967259,180.39,159.17
4294967261,180.39,158.96
4294967264,180.39,158.74
4294967266,180.39,158.52
4294967268,180.39,158.52
4294967271,180.39,158.30
4294967273,180.03,158.08
4294967276,180.03,158.08
4294967278,180.39,157.86
4294967281,180.39,157.86
4294967284,180.39,157.64
4294967287,180.39,157.64
4294967289,180.39,157.42
4294967292,180.39,157.20
4294967294,180.39,157.20
0,180.39,157.20
3,180.39,156.98
4,180.39,156.98
5,180.39,156.98
7,180.39,156.98
9,180.39,156.77
10,180.39,156.77
13,180.03,156.77
14,180.03,156.55
16,180.03,156.55
18,180.03,156.55
19,180.03,156.55
21,180.03,156.55
23,180.03,156.33
24,180.03,156.33
26,180.39,156.33
28,180.39,156.33
30,180.39,156.33
32,179.68,156.33
34,179.68,156.33
35,179.68,156.33
38,180.03,156.33
39,180.03,156.33
41,180.03,156.33
43,180.03,156.33
44,180.03,156.33
46,180.03,156.33
48,180.39,156.33
49,180.39,156.33
51,180.39,156.11
53,180.39,156.11
55,180.39,156.11
57,180.39,156.11
58,180.39,156.11
60,180.39,156.11
62,180.39,156.11
63,180.39,156.11
65,180.39,156.11
67,180.39,156.11
68,180.39,156.11
70,180.39,156.11
73,180.39,156.11
74,180.39,156.11
76,180.39,156.11
78,180.39,156.11
79,180.39,156.11
81,180.39,156.11
83,180.39,156.11
85,180.39,156.11
86,180.39,156.11
88,180.39,156.11
90,180.39,156.11
92,180.39,156.11
93,180.39,156.11
95,180.39,156.11
97,180.39,156.11
98,180.39,156.11
100,180.39,156.11
102,180.39,156.11
104,180.39,156.11
105,180.39,156.11
107,180.39,156.11
109,180.39,156.11
110,180.39,156.11
113,180.39,156.11
115,180.39,156.11
118,180.39,156.11
119,180.39,156.11
121,180.39,156.11
123,180.03,156.11
124,180.03,156.11
126,180.03,156.11
128,180.74,156.11
130,180.74,156.11
132,180.74,156.11
134,180.74,156.11
135,180.74,156.11
137,180.74,156.11
139,180.74,156.11
141,180.74,156.11
143,180.74,156.11
144,180.74,156.11
147,180.74,156.11
148,180.74,155.89
150,180.74,155.89
152,180.74,155.89
153,180.74,155.89
155,180.74,155.89
158,180.74,155.67
160,180.74,155.67
161,180.74,155.67
164,180.74,155.67
165,180.74,155.67
167,180.74,155.45
169,180.74,155.45
170,180.74,155.45
173,180.74,155.45
174,180.74,155.23
176,180.74,155.23
178,180.74,155.23
180,180.74,155.01
182,180.74,155.01
183,180.74,155.01
185,180.74,154.79
187,181.09,154.79
189,181.09,154.79
191,181.09,154.58
193,181.09,154.58
194,181.09,154.36
197,181.09,154.36
198,181.09,154.14
201,181.09,154.14
203,180.74,153.92
205,180.74,153.92
206,180.74,153.70
208,180.74,153.70
210,180.74,153.48
212,180.74,153.48
214,180.74,153.26
215,180.74,153.26
218,180.74,153.04
219,180.74,153.04
221,180.74,152.82
223,180.39,152.60
225,180.39,152.60
227,180.39,152.38
228,180.39,152.38
230,180.39,152.38
232,180.39,152.17
234,180.39,152.17
235,180.39,151.95
238,180.39,151.95
239,180.39,151.95
241,180.74,151.73
244,180.74,151.73
246,180.74,151.73
248,180.39,151.51
249,180.39,151.51
251,180.39,151.51
253,180.74,151.29
255,180.74,151.29
256,180.74,151.29
258,180.74,151.07
260,180.74,151.07
262,180.74,151.07
264,180.74,151.07
266,180.74,150.85
268,180.74,150.85
269,180.74,150.85
271,180.74,150.63
273,180.74,150.63
275,180.74,150.63
277,180.74,150.63
279,180.74,150.41
280,180.74,150.41
282,180.74,150.41
284,180.74,150.20
286,180.74,150.20
289,180.74,150.20
290,180.74,149.98
293,180.74,149.98
294,180.74,149.98
296,180.74,149.76
298,180.74,149.76
299,180.74,149.76
301,180.39,149.54
303,180.39,149.54
305,180.39,149.54
307,180.74,149.54
309,180.74,149.32
310,180.74,149.32
313,180.39,149.32
314,180.39,149.10
316,180.74,149.10
318,180.74,149.10
320,180.74,149.10
322,180.74,148.88
323,180.74,148.88
325,180.74,148.88
328,181.09,148.66
330,181.09,148.66
331,181.09,148.66
333,181.09,148.44
335,181.09,148.44
337,181.09,148.44
339,181.09,148.22
340,181.09,148.22
343,181.09,148.01
344,181.09,148.01
346,181.09,147.79
348,181.09,147.79
350,181.09,147.79
352,181.09,147.57
353,181.09,147.35
355,181.09,147.35
357,181.09,147.13
359,181.09,147.13
360,181.09,146.91
363,181.09,146.91
364,181.09,146.69
367,181.09,146.47
368,181.09,146.47
371,181.09,146.25
373,181.09,146.03
374,181.09,146.03
376,181.09,145.82
378,181.09,145.60
380,181.09,145.60
381,181.09,145.38
384,181.09,145.16
385,181.09,145.16
387,181.09,144.94
389,181.09,144.72
391,181.09,144.72
393,181.09,144.50
394,181.09,144.28
396,181.09,144.06
398,181.09,144.06
400,181.09,143.84
402,181.09,143.63
404,181.09,143.63
405,181.09,143.41
407,181.09,143.19
409,181.09,143.19
411,181.09,142.97
414,181.09,142.75
415,181.09,142.53
418,181.09,142.31
419,181.09,142.31
421,181.09,142.09
423,180.74,141.87
425,180.74,141.65
426,180.74,141.65
428,180.74,141.44
430,180.74,141.22
432,180.74,141.00
434,180.74,141.00
435,180.74,140.78
437,180.74,140.56
439,180.74,140.56
441,180.74,140.34
443,180.74,140.12
444,180.74,140.12
446,180.74,139.90
448,180.74,139.68
450,180.74,139.68
452,180.74,139.46
454,180.74,139.46
456,180.74,139.25
458,180.74,139.03
460,180.74,139.03
462,180.74,138.81
464,180.74,138.81
465,180.74,138.59
468,180.74,138.59
469,180.74,138.37
471,180.74,138.15
473,180.74,138.15
475,180.74,138.15
476,181.09,137.93
478,181.09,137.71
480,181.09,137.71
482,181.09,137.49
484,181.09,137.49
485,181.09,137.27
488,181.09,137.27
489,181.09,137.05
491,181.09,136.84
493,181.09,136.84
494,181.09,136.62
497,181.09,136.40
499,181.09,136.40
501,181.09,136.18
503,181.09,135.96
504,181.09,135.96
506,181.09,135.74
508,181.09,135.52
510,181.09,135.52
511,181.09,135.30
514,181.09,135.08
515,181.09,134.87
517,181.09,134.65
519,181.09,134.65
521,181.09,134.43
523,181.09,134.21
524,181.09,133.99
526,181.44,133.77
528,181.44,133.77
530,181.44,133.55
532,181.09,133.33
534,181.09,133.11
535,181.09,132.89
537,181.09,132.68
539,181.09,132.46
542,181.09,132.24
544,181.09,132.24
545,181.09,132.02
548,181.09,131.80
549,181.09,131.58
551,181.09,131.36
553,181.09,131.14
555,181.09,130.92
556,181.09,130.70
558,181.09,130.49
560,181.09,130.27
562,181.09,130.05
564,181.09,129.83
565,181.09,129.61
568,181.09,129.39
569,181.09,129.39
571,181.09,128.95
573,181.09,128.95
575,181.09,128.73
577,181.09,128.51
578,181.09,128.30
580,181.09,128.08
582,180.74,127.86
585,180.74,127.64
586,180.74,127.42
589,180.74,127.20
590,180.74,126.98
592,181.09,126.76
594,181.09,126.54
596,181.09,126.54
598,181.09,126.32
599,181.09,126.10
601,181.09,125.89
603,181.09,125.67
605,181.09,125.45
607,181.09,125.23
609,181.09,125.01
610,181.09,124.79
612,181.09,124.57
614,181.09,124.35
616,181.09,124.13
618,181.09,123.91
619,181.09,123.91
622,181.09,123.48
623,181.09,123.48
625,181.09,123.26
628,181.09,123.04
630,181.09,122.82
631,181.09,122.60
633,181.09,122.38
635,181.09,122.16
636,181.09,121.94
639,181.09,121.73
640,181.09,121.51
643,181.09,121.29
644,181.09,121.07
646,181.09,120.85
648,180.74,120.63
649,180.74,120.41
651,180.74,120.19
653,180.74,119.97
655,180.74,119.75
657,180.74,119.54
659,180.74,119.32
660,180.74,119.10
662,180.74,118.88
664,180.74,118.66
666,180.74,118.44
668,180.74,118.44
670,180.74,118.22
673,180.74,118.00
674,180.74,117.78
676,180.74,117.56
678,181.09,117.34
679,181.09,117.13
681,181.09,116.91
683,181.09,116.69
685,181.09,116.69
686,181.09,116.47
689,181.09,116.25
690,181.09,116.03
693,181.09,115.81
694,181.09,115.59
696,181.09,115.37
698,181.09,115.15
699,181.09,114.94
701,181.09,114.72
703,181.09,114.50
705,181.09,114.28
707,181.09,114.06
709,181.09,113.84
710,181.09,113.62
713,181.09,113.40
715,181.09,113.18
717,181.09,112.96
719,181.09,112.75
720,181.09,112.53
723,181.09,112.31
724,181.09,112.09
726,181.09,111.65
728,181.09,111.43
730,181.09,111.21
731,181.09,110.99
733,181.09,110.77
735,181.09,110.56
737,181.09,110.34
739,181.09,110.12
740,181.09,109.68
743,181.09,109.46
744,181.09,109.24
746,181.09,109.02
748,181.09,108.80
750,181.09,108.58
752,181.09,108.37
753,181.09,108.15
756,181.09,108.15
758,180.74,107.93
760,180.74,107.71
761,180.74,107.49
764,181.09,107.27
765,181.09,106.83
768,181.09,106.61
769,181.09,106.40
771,181.09,105.96
773,181.09,105.74
774,181.09,105.52
776,181.09,105.30
778,181.09,105.08
780,181.09,104.86
782,181.09,104.42
784,181.09,104.20
785,181.09,103.99
787,181.09,103.77
789,181.09,103.55
791,181.09,103.11
793,181.09,102.89
794,181.09,102.67
796,181.09,102.23
799,181.09,102.01
801,181.09,101.80
803,181.09,101.36
804,181.09,101.14
806,181.09,100.70
808,181.09,100.48
810,181.09,100.26
811,181.09,99.83
814,181.09,99.61
815,181.09,99.39
817,181.09,99.17
819,181.09,98.73
820,181.09,98.51
822,181.09,98.29
824,181.09,98.07
825,181.09,98.07
828,181.09,97.85
829,181.09,97.63
830,181.09,97.20
833,181.09,96.98
834,181.09,96.76
836,181.09,96.32
838,181.09,96.10
840,181.09,95.88
842,181.09,95.44
844,181.09,95.23
845,181.09,95.01
848,181.09,94.57
849,181.09,94.35
851,181.09,94.13
853,181.09,93.69
854,181.09,93.47
856,181.09,93.26
858,181.09,93.04
859,181.09,92.60
861,181.09,92.38
863,181.09,92.16
864,181.09,91.72
866,181.09,91.94
868,181.09,91.72
870,181.09,91.28
871,181.09,91.06
873,181.09,90.63
875,181.09,90.41
877,181.09,90.19
878,181.09,89.75
880,181.09,89.53
883,181.09,89.31
884,181.09,88.87
886,181.09,88.66
888,181.09,88.22
890,181.09,88.00
891,181.09,87.78
893,181.09,87.56
895,181.09,87.12
896,181.09,86.90
898,181.09,86.68
900,181.09,86.25
901,181.09,86.03
904,181.09,85.59
905,181.09,85.37
907,181.09,85.15
909,181.09,84.71
910,181.09,84.50
912,181.09,84.06
914,181.09,83.84
915,181.09,83.62
918,181.09,83.40
919,181.09,82.96
921,181.09,83.18
923,181.09,82.96
924,181.09,82.52
927,181.09,82.30
929,181.09,82.09
930,181.09,81.87
932,181.09,81.43
934,181.09,81.21
935,181.09,80.99
938,181.09,80.55
939,181.09,80.33
941,181.09,80.11
943,181.09,79.68
944,181.09,79.46
946,181.09,79.02
948,181.09,78.80
949,181.09,78.58
951,181.09,78.14
953,181.44,77.93
954,181.44,77.71
956,181.44,77.27
958,181.44,77.05
960,181.44,76.83
961,181.44,76.39
963,181.44,76.17
965,181.44,75.95
968,181.44,75.95
969,181.44,75.73
971,181.44,75.52
973,181.44,75.52
975,181.44,75.30
976,181.44,74.86
978,181.44,74.42
980,181.44,74.20
981,181.44,73.76
983,181.44,73.54
985,181.44,73.33
986,181.44,72.89
988,181.44,72.67
990,181.44,72.45
991,181.44,72.01
994,181.44,71.79
995,181.44,71.36
997,181.44,71.14
999,181.44,70.70
1000,181.44,70.48
1002,181.44,70.04
1004,181.44,69.82
1006,181.44,69.82
1008,181.44,69.60
1009,181.44,69.16
1012,181.44,68.73
1014,181.44,68.51
1016,181.44,68.07
1018,181.44,67.85
1020,181.44,67.41
1021,181.44,67.19
1023,181.44,66.76
1025,181.44,66.54
1026,181.79,66.10
1029,181.79,65.88
1030,181.79,65.66
1032,181.79,65.22
1034,181.79,64.79
1036,181.79,64.35
1038,181.79,64.13
1039,181.79,63.91
1041,182.15,63.91
1043,182.15,63.47
1045,182.15,63.25
1047,182.15,62.81
1049,182.15,62.38
1050,182.15,61.94
1052,182.15,61.72
1055,182.15,61.28
1057,182.15,60.84
1059,182.15,60.40
1060,182.15,60.19
1062,182.15,59.53
1064,182.15,59.31
1066,182.15,58.87
1068,182.15,58.43
1070,182.15,58.00
1071,182.15,57.56
1073,182.15,57.12
1075,182.15,56.68
1077,181.79,56.24
1079,181.79,55.81
1080,181.79,55.37
1083,181.79,54.93
1084,181.79,54.49
1086,181.79,53.84
1088,181.79,53.40
1090,181.79,52.96
1091,181.79,52.96
1093,181.79,52.52
1096,181.79,52.08
1098,181.79,51.43
1100,181.79,51.21
1101,181.79,50.55
1104,181.79,50.11
1105,181.79,49.67
1107,181.79,49.24
1109,181.79,48.80
1111,181.79,48.36
1113,181.79,48.14
1114,181.79,47.70
1116,181.79,47.48
1118,181.44,47.05
1120,181.44,46.83
1121,181.44,46.61
1124,181.44,46.17
1125,181.44,45.73
1127,181.44,45.73
1129,181.44,45.29
1130,181.44,44.64
1133,181.44,44.42
1134,181.44,43.98
1136,181.44,43.32
1139,181.44,42.88
1141,181.44,42.45
1143,181.44,42.01
1144,181.44,41.57
1146,181.44,41.13
1148,181.44,40.70
1150,181.44,40.26
1151,181.44,39.82
1154,181.44,39.38
1155,181.44,38.94
1157,181.44,38.94
1159,181.44,38.51
1161,181.44,38.07
1163,181.44,37.63
1164,181.44,37.19
1166,181.44,36.75
1168,181.09,36.32
1170,181.09,36.10
1171,181.44,35.44
1174,181.44,35.22
1175,181.44,34.78
1177,181.79,34.34
1179,181.79,34.13
1182,181.79,33.47
1184,181.44,33.25
1185,181.44,32.81
1187,181.44,32.37
1189,181.44,31.93
1191,181.44,31.72
1193,181.44,31.72
1195,181.44,31.28
1196,181.44,30.84
1199,181.79,30.40
1200,181.79,30.18
1202,182.15,29.74
1204,182.15,29.31
1205,182.15,28.87
1208,182.15,28.43
1209,182.15,28.21
1211,182.15,27.56
1213,182.15,27.12
1215,182.15,26.90
1216,182.15,26.24
1218,182.15,26.02
1220,182.15,25.58
1222,182.15,25.58
1225,182.15,25.15
1226,182.15,24.49
1229,182.50,24.27
1230,182.50,23.83
1232,182.50,23.61
1234,182.50,23.18
1236,182.50,22.74
1238,182.50,22.74
1240,182.50,22.30
1241,182.50,22.08
1243,182.15,21.64
1245,182.15,21.20
1246,182.15,20.98
1249,182.15,20.55
1250,182.15,20.11
1253,181.79,19.45
1254,181.79,19.01
1256,181.79,18.36
1258,182.15,17.92
1260,182.15,17.48
1261,182.15,17.26
1263,182.15,16.82
1265,182.15,16.39
1268,182.15,15.73
1270,182.15,15.29
1271,182.15,15.07
1274,182.15,14.63
1275,182.15,13.98
1277,182.15,13.76
1279,182.15,13.32
1281,182.15,12.88
1283,182.15,12.23
1284,182.15,11.79
1286,182.15,10.91
1288,182.15,10.47
1290,182.15,10.04
1291,182.50,9.82
1294,182.50,9.38
1295,182.50,8.94
1297,182.50,8.50
1299,182.50,8.06
1300,182.50,7.63
1302,182.50,7.19
1304,182.50,6.75
1305,182.50,6.09
1307,182.15,5.44
1310,182.15,5.00
1311,182.15,4.56
1314,181.79,4.12
1315,181.79,3.68
1317,181.79,3.03
1319,181.79,2.37
1320,181.79,1.93
1322,181.79,1.71
1324,181.79,1.28
1325,181.79,0.62
1327,181.79,0.40
1329,181.79,-0.04
1331,181.79,-0.48
1333,181.79,-1.35
1334,181.79,-1.79
1336,181.79,-2.23
1338,181.44,-2.67
1340,181.44,-3.10
1342,181.79,-3.32
1344,181.79,-3.98
1345,181.79,-4.42
1347,181.79,-4.64
1349,181.79,-5.29
1352,181.79,-5.73
1354,181.79,-6.17
1355,181.79,-6.61
1357,181.79,-7.05
1359,181.79,-7.70
1361,181.79,-8.14
1363,182.15,-8.36
1365,182.15,-8.80
1366,182.15,-9.46
1369,182.50,-9.89
1370,182.50,-10.11
1372,183.20,-10.77
1374,183.20,-10.99
1376,183.20,-11.21
1378,183.90,-11.21
1380,183.90,-11.43
1381,188.48,-11.21
1384,188.48,-11.21
1385,188.48,-11.21
1388,189.89,-11.21
1389,189.89,-10.99
1391,194.11,-10.99
1393,194.11,-10.99
1396,194.11,-10.77
1398,188.13,-10.77
1400,188.13,-10.77
1402,188.13,-10.77
1404,188.48,-10.77
1406,188.48,-10.77
1408,188.48,-10.77
1410,188.48,-10.77
1411,188.48,-10.77
1414,188.48,-10.77
1415,188.48,-10.77
1418,189.18,-10.77
1419,189.18,-10.77
1421,189.18,-10.77
1423,189.18,-10.77
1425,189.18,-10.77
1427,189.89,-10.77
1429,189.89,-10.77
1431,189.89,-10.77
1433,190.24,-10.77
1435,190.24,-10.77
1436,190.59,-10.77
1440,190.59,-10.77
1441,190.59,-10.77
1444,190.94,-10.77
1445,190.94,-10.77
1447,191.30,-10.77
1449,191.30,-10.77
1451,191.30,-10.77
1453,191.65,-10.77
1455,191.65,-10.77
1456,191.65,-10.77
1459,192.00,-10.77
1460,192.00,-10.77
1463,192.35,-10.77
1465,192.35,-10.77
1466,192.35,-10.77
1468,192.70,-10.77
1470,192.70,-10.77
1472,193.41,-10.77
1474,193.41,-10.77
1476,193.41,-10.77
1478,193.41,-10.77
1481,193.41,-10.77
1483,194.11,-10.77
1485,194.11,-10.77
1486,194.11,-10.77
1489,194.46,-10.77
1490,194.46,-10.77
1492,194.81,-10.77
1494,194.81,-10.77
1496,194.81,-10.77
1498,195.52,-10.77
1500,195.52,-10.77
1502,195.87,-10.77
1504,195.87,-10.77
1506,195.87,-10.77
1508,196.22,-10.77
1510,196.22,-10.77
1511,196.93,-10.77
1514,196.93,-10.77
1515,196.93,-10.77
1518,197.28,-10.77
1519,197.28,-10.77
1521,197.28,-10.77
1524,197.98,-10.77
1526,197.98,-10.77
1528,198.33,-10.77
1530,198.33,-10.77
1532,198.33,-10.77
1534,199.04,-10.77
1536,199.04,-10.77
1538,199.39,-10.77
1540,199.39,-10.77
1541,199.39,-10.77
1544,200.09,-10.77
1545,200.09,-10.77
1548,200.80,-10.77
1549,200.80,-10.77
1551,200.80,-10.77
1553,201.15,-10.77
1555,201.15,-10.77
1556,201.85,-10.77
1559,201.85,-10.77
1560,201.85,-10.77
1563,202.56,-10.77
1566,202.56,-10.77
1567,203.26,-10.77
1569,203.26,-10.77
1571,203.26,-10.77
1573,203.96,-10.77
1575,203.96,-10.77
1577,204.67,-10.77
1579,204.67,-10.77
1581,204.67,-10.77
1583,205.37,-10.77
1585,205.37,-10.77
1586,205.37,-10.77
1589,206.08,-10.77
1590,206.08,-10.77
1593,206.78,-10.77
1594,206.78,-10.77
1596,206.78,-10.77
1598,207.84,-10.77
1600,207.84,-10.77
1602,208.54,-10.77
1604,208.54,-10.77
1606,208.54,-10.77
1609,209.24,-10.77
1611,209.24,-10.77
1612,210.30,-10.77
1615,210.30,-10.77
1616,210.30,-10.77
1619,211.00,-10.77
1620,211.00,-10.77
1622,211.71,-10.77
1624,211.71,-10.77
1626,211.71,-10.77
1628,212.76,-10.77
1630,212.76,-10.77
1632,213.82,-10.77
1634,213.82,-10.77
1636,213.82,-10.77
1638,214.87,-10.77
1640,214.87,-10.77
1641,215.93,-10.77
1644,215.93,-10.77
1645,215.93,-10.77
1648,213.47,-10.55
1649,213.47,-10.55
1652,213.47,-10.55
1654,217.69,-10.55
1656,217.69,-10.55
1658,215.58,-10.55
1660,215.58,-10.55
1661,215.58,-10.55
1664,216.63,-10.55
1666,216.63,-10.55
1668,218.04,-10.33
1669,218.04,-10.33
1671,218.04,-10.33
1673,219.10,-10.33
1675,219.10,-10.11
1677,220.50,-10.11
1679,220.50,-10.11
1681,220.50,-9.89
1683,221.56,-9.89
1685,221.56,-9.89
1686,221.56,-9.89
1688,222.97,-9.89
1690,222.97,-9.89
1692,224.38,-9.89
1695,224.38,-9.68
1696,224.38,-9.68
1699,225.78,-9.68
1700,225.78,-9.68
1702,225.78,-9.68
1704,227.19,-9.68
1706,227.19,-9.68
1708,228.60,-9.68
1709,228.60,-9.68
1711,228.60,-9.46
1713,230.01,-9.46
1715,230.01,-9.46
1716,230.01,-9.46
1719,231.77,-9.46
1720,231.77,-9.46
1723,233.17,-9.46
1724,233.17,-9.46
1726,233.17,-9.46
1728,234.93,-9.46
1729,234.93,-9.46
1731,234.93,-9.46
1733,236.69,-9.46
1736,236.69,-9.46
1737,238.45,-9.46
1740,238.45,-9.46
1741,238.45,-9.46
1743,240.21,-9.46
1745,240.21,-9.46
1747,240.21,-9.46
1749,241.97,-9.46
1750,241.97,-9.46
1752,243.73,-9.46
1754,243.73,-9.46
1756,243.73,-9.46
1758,245.84,-9.46
1760,245.84,-9.46
1761,245.84,-9.46
1763,247.60,-9.46
1765,247.60,-9.46
1767,249.71,-9.46
1769,249.71,-9.46
1770,249.71,-9.46
1773,251.82,-9.46
1774,251.82,-9.46
1776,251.82,-9.46
1779,253.94,-9.46
1781,253.94,-9.46
1782,256.05,-9.46
1784,256.05,-9.46
1786,256.05,-9.46
1788,258.51,-9.46
1790,258.51,-9.46
1791,258.51,-9.46
1794,260.97,-9.46
1795,260.97,-9.46
1797,262.03,-9.46
1799,262.03,-9.46
1801,262.03,-9.46
1803,262.03,-9.46
1804,262.03,-9.46
1806,262.03,-9.46
1808,262.03,-9.46
1810,262.03,-9.46
1811,262.03,-9.46
1814,262.03,-9.46
1815,262.03,-9.46
1817,262.03,-9.46
1819,262.03,-9.46
1820,262.03,-9.46
1824,262.03,-9.46
1825,262.03,-9.46
1827,262.03,-9.46
1829,262.03,-9.46
1830,262.03,-9.46
1832,262.03,-9.46
1834,262.03,-9.46
1836,262.03,-9.46
1838,264.85,-9.46
1840,264.85,-9.46
1841,264.85,-9.46
1843,267.66,-9.46
1845,267.66,-9.46
1847,270.48,-9.46
1849,270.48,-9.46
1850,270.48,-9.46
1853,273.64,-9.46
1854,273.64,-9.46
1856,273.64,-9.46
1858,276.46,-9.46
1860,276.46,-9.46
1861,279.63,-9.46
1864,279.63,-9.46
1866,279.63,-9.46
1868,282.44,-9.46
1870,282.44,-9.46
1871,282.44,-9.46
1874,285.96,-9.46
1875,285.96,-9.46
1877,288.78,-9.46
1879,288.78,-9.46
1881,288.78,-9.46
1883,292.29,-9.46
1884,292.29,-9.46
1886,292.29,-9.46
1888,295.46,-9.46
1890,295.46,-9.46
1891,298.98,-9.46
1894,298.98,-9.46
1895,298.98,-9.46
1897,302.15,-9.46
1899,302.15,-9.46
1901,302.15,-9.46
1903,305.67,-9.46
1904,305.67,-9.46
1907,305.67,-9.46
1909,309.19,-9.46
1911,309.19,-9.46
1913,312.35,-9.46
1915,312.35,-9.46
1916,312.35,-9.46
1919,315.87,-9.46
1920,315.87,-9.46
1922,315.87,-9.46
1924,319.39,-9.46
1925,319.39,-9.46
1928,322.91,-9.46
1929,322.91,-9.46
1931,322.91,-9.46
1933,326.78,-9.46
1935,326.78,-9.46
1936,326.78,-9.46
1939,330.30,-9.46
1940,330.30,-9.46
1942,334.17,-9.46
1944,334.17,-9.46
1945,334.17,-9.46
1948,337.69,-9.46
1950,337.69,-9.46
1952,337.69,-9.46
1954,341.21,-9.46
1956,341.21,-9.46
1957,344.73,-9.46
1959,344.73,-9.46
1961,344.73,-9.46
1963,348.60,-9.46
1965,348.60,-9.46
1967,348.60,-9.46
1969,-7.89,-9.46
1970,-7.89,-9.46
1972,-4.37,-9.46
1974,-4.37,-9.46
1975,-4.37,-9.46
1978,-0.50,-9.46
1979,-0.50,-9.46
1981,-0.50,-9.46
1983,3.02,-9.46
1984,3.02,-9.46
1985,3.02,-9.46
1988,6.89,-9.46
1989,6.89,-9.46
1990,6.89,-9.46
1994,10.41,-9.46
1995,10.41,-9.46
1996,10.41,-9.46
1999,13.93,-9.46
2000,13.93,-9.46
2002,13.93,-9.46
2004,17.45,-9.46
2005,17.45,-9.46
2007,20.97,-9.46
2009,20.97,-9.46
2010,20.97,-9.46
2012,24.49,-9.46
2014,24.49,-9.46
2016,24.49,-9.46
2018,28.01,-9.46
2019,28.01,-9.46
2021,28.01,-9.46
2023,31.17,-9.46
2024,31.17,-9.46
2026,31.17,-9.46
2028,34.69,-9.46
2030,34.69,-9.46
2031,34.69,-9.46
2033,37.86,-9.46
2036,37.86,-9.46
2037,41.38,-9.46
2039,41.38,-9.46
2041,41.38,-9.46
2043,44.55,-9.46
2044,44.55,-9.46
2046,44.55,-9.46
2048,48.07,-9.46
2050,48.07,-9.46
2051,48.07,-9.46
2053,51.23,-9.46
2055,51.23,-9.46
2056,51.23,-9.46
2058,54.40,-9.46
2060,54.40,-9.46
2061,54.40,-9.46
2064,57.22,-9.46
2065,57.22,-9.46
2067,60.38,-9.46
2069,60.38,-9.46
2070,60.38,-9.46
2072,63.55,-9.46
2074,63.55,-9.46
2075,63.55,-9.46
2079,66.37,-9.46
2080,66.37,-9.46
2081,66.37,-9.46
2084,69.18,-9.46
2085,69.18,-9.46
2087,69.18,-9.46
2089,72.00,-9.46
2090,72.00,-9.46
2092,75.16,-9.46
2094,75.16,-9.46
2095,75.16,-9.46
2097,77.63,-9.46
2099,77.63,-9.46
2101,77.63,-9.46
2103,80.09,-9.46
2104,80.09,-9.46
2106,80.09,-9.46
2108,82.91,-9.46
2109,82.91,-9.46
2111,82.91,-9.46
2113,85.37,-9.46
2115,85.37,-9.46
2116,85.37,-9.46
2118,87.83,-9.46
2121,87.83,-9.46
2122,90.30,-9.46
2124,90.30,-9.46
2126,90.30,-9.46
2128,92.76,-9.46
2130,92.76,-9.46
2131,92.76,-9.46
2133,95.22,-9.46
2135,95.22,-9.46
2136,95.22,-9.46
2138,97.33,-9.46
2140,97.33,-9.46
2141,97.33,-9.46
2143,99.45,-9.46
2145,99.45,-9.46
2146,101.56,-9.46
2149,101.56,-9.46
2150,101.56,-9.46
2153,103.67,-9.46
2154,103.67,-9.46
2156,103.67,-9.46
2158,105.78,-9.46
2159,105.78,-9.46
2161,105.78,-9.46
2164,107.89,-9.46
2166,107.89,-9.46
2168,109.65,-9.46
2170,109.65,-9.46
2171,109.65,-9.46
2174,111.76,-9.46
2175,111.76,-9.46
2177,111.76,-9.46
2179,113.52,-9.46
2181,113.52,-9.46
2183,115.28,-9.46
2184,115.28,-9.46
2186,115.28,-9.46
2188,117.04,-9.46
2190,117.04,-9.46
2191,117.04,-9.46
2194,118.80,-9.46
2195,118.80,-9.46
2197,120.56,-9.46
2199,120.56,-9.46
2201,120.56,-9.46
2203,121.97,-9.46
2204,121.97,-9.46
2207,121.97,-9.46
2209,123.73,-9.46
2211,123.73,-9.46
2212,125.14,-9.46
2215,125.14,-9.46
2216,125.14,-9.46
2218,126.54,-9.46
2220,126.54,-9.46
2222,126.54,-9.46
2224,127.95,-9.46
2225,127.95,-9.46
2227,129.36,-9.46
2229,129.36,-9.46
2231,129.36,-9.46
2233,130.77,-9.46
2235,130.77,-9.46
2236,130.77,-9.46
2238,131.82,-9.46
2240,131.82,-9.46
2242,133.23,-9.46
2244,133.23,-9.46
2245,133.23,-9.46
2249,134.28,-9.46
2250,134.28,-9.46
2252,134.28,-9.46
2254,135.69,-9.46
2256,135.69,-9.46
2257,136.75,-9.46
2259,136.75,-9.46
2261,136.75,-9.46
2263,137.80,-9.46
2265,137.80,-9.46
2266,137.80,-9.46
2269,138.86,-9.46
2270,138.86,-9.46
2272,139.92,-9.46
2274,139.92,-9.46
2276,139.92,-9.46
2278,140.62,-9.46
2279,140.62,-9.46
2281,140.62,-9.46
2283,141.68,-9.46
2285,141.68,-9.46
2286,142.73,-9.46
2289,142.73,-9.46
2291,142.73,-9.46
2293,143.43,-9.46
2295,143.43,-9.46
2297,143.43,-9.46
2299,144.49,-9.46
2300,144.49,-9.46
2302,148.01,-9.46
2304,148.01,-9.24
2306,148.01,-9.24
2308,149.77,-9.02
2310,149.77,-8.80
2311,149.77,-8.58
2314,148.71,-8.36
2315,148.71,-8.14
2317,150.12,-7.92
2319,150.12,-7.70
2321,150.12,-7.27
2323,149.77,-7.05
2324,149.77,-6.61
2326,149.77,-6.17
2328,150.47,-5.95
2330,150.47,-5.51
2331,151.18,-5.51
2335,151.18,-5.08
2336,151.18,-4.86
2338,152.23,-4.20
2340,152.23,-3.76
2342,152.23,-3.76
2344,152.58,-3.32
2345,152.58,-2.89
2347,153.64,-2.67
2349,153.64,-2.23
2351,153.64,-1.79
2353,153.99,-1.13
2355,153.99,-0.70
2356,153.99,-0.04
2358,155.05,0.40
2360,155.05,0.84
2361,155.05,1.28
2364,155.75,1.71
2365,155.75,2.15
2367,156.10,2.37
2369,156.10,3.03
2370,156.10,3.46
2372,157.16,4.12
2374,157.16,4.78
2376,157.16,5.22
2379,157.51,6.09
2380,157.51,6.53
2381,157.51,6.97
2384,158.22,7.41
2385,158.22,8.06
2387,158.22,8.50
2389,158.92,8.94
2390,158.92,9.60
2392,159.62,10.25
2394,159.62,10.69
2396,159.62,11.35
2398,160.33,11.79
2399,160.33,12.44
2401,160.33,13.10
2403,161.03,13.54
2405,161.03,14.20
2406,161.03,14.85
2409,161.73,15.51
2410,161.73,16.17
2413,162.09,16.82
2414,162.09,17.48
2416,162.09,17.92
2419,162.79,18.58
2420,162.79,19.23
2422,162.79,19.67
2424,163.49,20.33
2426,163.49,20.98
2428,164.20,21.42
2430,164.20,22.08
2431,164.20,22.74
2433,164.55,23.18
2435,164.55,23.83
2437,164.55,24.49
2439,165.25,25.15
2441,165.25,25.80
2443,165.96,26.46
2444,165.96,27.12
2446,165.96,27.77
2448,166.31,28.43
2450,166.31,29.09
2451,166.31,30.18
2454,167.01,30.84
2455,167.01,31.50
2457,167.36,31.93
2459,167.36,32.59
2460,167.36,33.25
2464,168.07,33.69
2465,168.07,34.34
2467,168.07,34.78
2469,168.42,35.44
2471,168.42,36.10
2472,168.77,36.75
2475,168.77,37.41
2476,168.77,38.07
2478,169.48,38.72
2480,169.48,39.38
2482,169.48,40.04
2484,169.83,40.70
2485,169.83,41.13
2487,170.18,41.79
2489,170.18,42.45
2491,170.18,43.10
2493,170.88,43.54
2495,170.88,44.20
2496,170.88,44.64
2498,171.24,45.29
2500,171.24,45.95
2502,171.59,46.61
2505,171.59,47.27
2506,171.59,47.92
2509,171.94,48.58
2510,171.94,49.24
2512,171.94,49.89
2514,172.29,50.55
2516,172.29,51.21
2517,172.64,51.86
2519,172.64,52.52
2521,172.64,53.40
2523,173.00,53.84
2525,173.00,54.49
2526,173.00,55.15
2529,173.70,55.81
2530,173.70,56.46
2532,174.05,57.12
2534,174.05,57.78
2536,174.05,58.43
2538,174.40,59.09
2539,174.40,59.75
2541,174.40,60.40
2543,174.76,61.06
2545,174.76,61.72
2547,175.11,62.38
2550,175.11,63.03
2551,175.11,63.69
2553,175.46,64.13
2555,175.46,64.79
2557,175.46,65.66
2559,175.81,66.32
2560,175.81,66.97
2562,176.16,67.41
2564,176.16,68.07
2566,176.16,68.73
2568,176.51,69.60
2570,176.51,70.26
2571,176.51,70.92
2574,176.87,71.57
2575,176.87,72.23
2577,177.22,72.89
2579,177.22,73.54
2580,177.22,74.20
2583,177.22,75.08
2584,177.22,75.73
2586,177.22,76.39
2588,177.57,77.05
2591,177.57,77.71
2592,177.57,78.36
2595,177.57,78.80
2596,177.57,79.46
2598,177.92,79.90
2600,177.92,80.55
2602,177.92,81.21
2604,178.27,81.65
2605,178.27,82.30
2607,178.63,83.18
2609,178.63,83.62
2611,178.63,84.28
2613,178.63,85.15
2615,178.63,85.59
2616,178.63,85.81
2618,178.98,86.47
2620,178.98,86.90
2622,178.98,87.12
2624,178.98,87.56
2625,178.98,88.00
2628,179.33,88.22
2629,179.33,88.66
2632,179.33,88.87
2634,179.68,89.31
2636,179.68,89.75
2637,179.68,90.19
2639,180.03,90.63
2641,180.03,90.85
2643,180.03,91.28
2645,180.03,91.72
2646,180.03,91.94
2649,180.39,92.38
2650,180.39,92.60
2652,180.39,92.82
2654,180.39,93.04
2655,180.39,93.26
2657,180.39,93.47
2659,180.39,93.69
2661,180.39,93.91
2663,180.39,94.13
2665,180.39,94.13
2666,180.39,94.35
2669,180.74,94.35
2670,180.74,94.35
2672,180.39,94.57
2675,180.39,94.57
2677,180.39,94.57
2679,180.39,94.57
2680,180.39,94.57
2682,180.39,94.57
2684,180.03,94.57
2686,180.03,94.57
2687,180.03,94.35
2690,180.03,94.35
2691,180.03,94.35
2693,180.03,94.35
2695,180.03,94.35
2696,180.03,94.13
2699,180.03,94.13
2700,180.03,94.13
2702,179.68,94.13
2704,179.68,93.91
2706,179.68,93.91
2708,179.68,93.91
2709,179.68,93.91
2711,179.68,93.69
2713,179.68,93.69
2715,179.68,93.69
2716,179.33,93.69
2720,179.33,93.69
2721,179.33,93.47
2723,179.33,93.47
2725,179.33,93.47
2726,179.33,93.47
2729,179.33,93.47
2730,179.33,93.47
2732,179.33,93.26
2734,179.33,93.26
2735,179.33,93.26
2737,178.98,93.26
2739,178.98,93.26
2741,178.98,93.26
2743,178.63,93.26
2745,178.63,93.26
2746,178.63,93.26
2749,179.33,93.26
2750,179.33,93.26
2752,178.98,93.47
2754,178.98,93.47
2756,178.98,93.47
2758,178.98,93.47
2760,178.98,93.47
2762,178.98,93.47
2764,178.98,93.69
2766,178.98,93.69
2767,178.63,93.69
2770,178.63,93.69
2771,178.63,93.91
2773,178.63,93.91
2775,178.63,93.91
2777,178.63,94.13
2779,178.98,94.13
2780,178.98,94.13
2782,178.63,94.35
2784,178.63,94.35
2786,178.63,94.35
2788,178.63,94.57
2790,178.63,94.57
2791,178.63,94.79
2793,178.63,94.79
2795,178.63,95.01
2797,178.63,95.01
2799,178.63,95.01
2800,178.63,95.23
2804,178.63,95.44
2805,178.63,95.44
2807,178.63,95.66
2809,178.63,95.66
2810,178.63,95.88
2812,178.63,95.88
2814,178.63,96.10
2816,178.63,96.32
2818,178.63,96.32
2820,178.63,96.54
2821,178.63,96.54
2823,178.63,96.76
2825,178.63,96.98
2827,178.63,97.20
2829,178.63,97.20
2830,178.63,97.42
2832,178.63,97.42
2834,178.63,97.63
2836,178.63,97.85
2838,178.63,97.85
2840,178.63,98.07
2841,178.63,98.29
2843,178.63,98.29
2846,178.63,98.51
2847,178.27,98.73
2850,178.27,98.73
2851,178.27,98.95
2853,178.63,99.17
2855,178.63,99.39
2857,178.63,99.39
2859,178.63,99.61
2860,178.63,99.83
2862,178.63,100.04
2864,178.27,100.04
2866,178.27,100.26
2868,178.63,100.48
2870,178.63,100.70
2872,178.63,100.70
2874,178.63,100.92
2876,178.63,101.14
2878,178.27,101.36
2880,178.27,101.58
2881,178.27,101.80
2884,178.63,101.80
2885,178.63,102.01
2888,178.27,102.23
2890,178.27,102.45
2892,178.27,102.67
2894,178.27,102.89
2896,178.27,102.89
2897,178.63,103.11
2900,178.63,103.33
2901,178.63,103.55
2904,178.27,103.77
2905,178.27,103.99
2907,178.63,104.20
2909,178.63,104.42
2911,178.63,104.64
2913,177.92,104.86
2915,177.92,105.08
2917,177.92,105.30
2919,178.63,105.52
2921,178.63,105.74
2923,178.27,105.96
2925,178.27,106.18
2926,178.27,106.40
2929,178.63,106.61
2931,178.63,106.61
2934,178.27,106.83
2935,178.27,107.05
2937,178.27,107.49
2939,178.63,107.49
2941,178.63,107.71
2943,178.27,107.93
2945,178.27,108.15
2947,178.27,108.37
2949,178.27,108.58
2951,178.27,108.80
2952,178.63,109.02
2955,178.63,109.24
2956,178.63,109.46
2959,178.27,109.90
2960,178.27,109.90
2962,178.63,110.34
2964,178.63,110.34
2966,178.63,110.56
2968,178.27,110.99
2970,178.27,110.99
2972,178.27,111.43
2975,178.27,111.43
2976,178.27,111.65
2979,178.63,112.09
2980,178.63,112.09
2982,178.63,112.53
2984,178.27,112.75
2986,178.27,112.75
2989,178.27,113.18
2990,178.27,113.40
2992,178.27,113.62
2994,178.27,113.84
2996,178.27,114.06
2998,178.27,114.28
3000,178.27,114.50
3001,178.27,114.72
3004,178.27,114.94
3005,178.27,115.15
3007,178.27,115.37
3009,178.27,115.59
3011,178.27,115.81
3013,178.27,116.25
3016,178.27,116.47
3018,178.27,116.69
3020,178.27,116.91
3022,178.27,117.13
3024,178.27,117.34
3025,178.27,117.56
3027,178.27,117.78
3029,178.27,118.00
3031,178.27,118.22
3033,178.27,118.44
3035,178.27,118.66
3037,178.27,119.10
3039,178.27,119.32
3041,178.27,119.54
3042,178.27,119.75
3045,178.27,119.97
3046,178.27,120.19
3049,178.27,120.41
3050,178.27,120.63
3052,178.27,120.85
3054,178.27,121.07
3056,178.27,121.29
3059,178.27,121.73
3061,178.27,121.94
3062,178.27,122.16
3065,178.27,122.38
3067,178.27,122.60
3069,178.27,122.82
3070,178.27,123.04
3072,178.27,123.26
3074,178.27,123.48
3076,178.27,123.70
3078,178.27,123.91
3080,178.27,124.13
3082,178.27,124.35
3084,177.92,124.57
3086,177.92,124.79
3087,178.27,125.01
3090,178.27,125.23
3091,178.27,125.67
3094,177.92,125.89
3095,177.92,125.89
3097,178.27,126.32
3099,178.27,126.54
3102,178.27,126.76
3104,177.92,126.98
3106,177.92,127.20
3108,177.92,127.42
3110,177.92,127.64
3111,177.92,127.86
3114,178.27,128.30
3116,178.27,128.51
3117,178.27,128.73
3119,177.92,128.95
3121,177.92,129.17
3123,177.92,129.61
3125,177.92,129.83
3127,177.92,130.05
3129,177.92,130.27
3131,177.92,130.49
3133,177.92,130.92
3135,177.92,131.14
3136,177.92,131.36
3139,177.92,131.58
3140,177.92,132.02
3142,177.92,132.24
3145,177.92,132.46
3147,177.92,132.68
3149,177.92,133.11
3151,177.92,133.33
3153,177.92,133.77
3155,177.92,133.99
3156,177.92,134.21
3159,177.57,134.21
3160,177.57,134.43
3162,177.57,134.87
3164,177.92,135.08
3166,177.92,135.30
3168,177.57,135.74
3170,177.57,135.96
3172,177.57,136.40
3174,177.57,136.62
3176,177.57,137.05
3178,177.92,137.49
3180,177.92,137.71
3181,177.92,138.15
3184,177.57,138.37
3185,177.57,138.81
3188,177.57,139.25
3190,177.57,139.46
3192,177.57,139.90
3194,177.92,140.12
3196,177.92,140.56
3198,177.57,141.00
3200,177.57,141.22
3202,177.57,141.44
3204,177.92,141.87
3206,177.92,142.31
3207,177.57,142.75
3210,177.57,142.97
3211,177.57,143.19
3214,177.57,143.84
3215,177.57,144.06
3217,177.57,144.50
3219,177.57,144.72
3221,177.57,145.16
3223,177.57,145.60
3225,177.57,145.82
3227,177.57,145.82
3230,177.57,146.25
3232,177.57,146.47
3234,177.57,146.91
3235,177.57,147.35
3237,177.57,147.35
3239,177.57,147.79
3241,177.57,148.01
3244,177.57,148.66
3245,177.57,148.88
3247,177.57,149.54
3249,177.57,149.76
3251,177.57,150.20
3252,177.92,150.63
3255,177.92,151.07
3256,177.92,151.29
3259,177.92,151.51
3260,177.92,151.73
3262,177.22,152.38
3264,177.22,152.60
3266,177.22,153.04
3268,177.57,153.48
3270,177.57,153.92
3273,177.57,154.58
3275,177.57,154.79
3277,177.57,155.23
3279,177.57,155.45
3281,177.57,155.67
3282,177.57,156.33
3285,177.57,156.77
3286,177.57,156.98
3289,177.57,157.64
3290,177.57,158.08
3292,177.57,158.08
3294,177.57,158.52
3296,177.57,158.96
3298,177.57,159.61
3300,177.57,160.05
3301,177.57,160.05
3304,177.57,160.49
3305,177.57,160.93
3307,177.22,161.58
3309,177.22,162.02
3311,177.22,162.46
3315,177.57,163.12
3316,177.57,163.55
3318,177.22,163.99
3320,177.22,164.65
3322,177.22,165.09
3324,177.57,165.52
3326,177.57,165.96
3327,177.57,166.62
3330,177.57,167.06
3331,177.57,167.50
3334,177.57,168.15
3335,177.57,168.59
3337,177.57,169.25
3339,177.57,169.69
3341,177.57,170.12
3343,177.57,170.78
3345,177.57,171.22
3347,177.57,171.88
3349,177.57,172.31
3351,177.57,172.75
3353,177.57,172.75
3355,177.57,173.19
3356,177.57,173.41
3360,177.57,173.85
3361,177.57,174.29
3363,177.22,174.50
3365,177.22,174.94
3367,177.22,175.60
3369,177.57,176.04
3371,177.57,176.48
3373,177.22,176.48
3375,177.22,176.91
3377,177.22,177.35
3379,177.57,177.57
3381,177.57,178.01
3382,177.22,178.23
3384,177.22,178.66
3386,177.22,179.10
3389,177.57,179.32
3390,177.57,179.76
3392,177.22,179.98
3394,177.22,180.42
3396,177.22,180.86
3398,177.22,181.07
3401,177.22,181.51
3402,177.22,181.73
3405,177.57,182.17
3406,177.57,182.61
3409,176.87,183.26
3410,176.87,183.70
3412,176.87,183.92
3415,177.92,184.36
3416,177.92,184.80
3419,177.22,185.02
3420,177.22,185.67
3422,177.22,186.33
3424,177.57,186.77
3426,177.57,187.21
3427,177.22,187.86
3430,177.22,188.30
3431,177.22,188.74
3434,177.57,188.96
3435,177.57,189.62
3437,177.22,189.83
3439,177.22,190.27
3441,177.22,190.71
3444,177.22,190.93
3446,177.22,191.59
3448,177.22,192.24
3450,177.22,192.68
3452,177.22,193.34
3454,177.22,194.00
3456,177.22,194.43
3457,177.22,195.09
3460,177.22,195.75
3461,177.22,196.19
3464,177.22,197.06
3465,177.22,197.50
3467,177.22,198.16
3469,177.22,198.81
3471,177.22,199.25
3473,177.22,199.91
3475,177.22,200.57
3477,177.22,201.22
3479,177.22,201.88
3481,177.22,202.32
3482,176.87,202.76
3486,176.87,203.19
3487,176.87,203.63
3490,177.22,204.07
3491,177.22,204.73
3493,176.87,204.95
3495,176.87,205.60
3497,176.87,206.04
3499,177.22,206.92
3501,177.22,207.57
3503,177.22,208.45
3505,177.22,208.89
3506,177.22,209.54
3509,177.22,209.76
3510,177.22,210.42
3512,177.22,210.86
3515,176.87,211.30
3516,176.87,211.95
3518,177.57,212.83
3520,177.57,213.49
3522,177.57,214.14
3524,176.87,214.80
3526,176.87,215.46
3529,177.22,215.90
3531,177.22,216.55
3532,177.22,217.21
3535,177.22,217.87
3536,177.22,218.30
3539,176.87,218.96
3540,176.87,219.62
3542,176.87,220.27
3544,177.22,220.71
3546,177.22,221.37
3548,177.22,222.03
3550,177.22,222.68
3552,177.22,223.56
3554,176.87,224.00
3556,176.87,224.66
3557,177.22,225.53
3560,177.22,226.19
3561,177.22,226.85
3564,176.87,227.28
3565,176.87,227.94
3567,177.22,228.16
3569,177.22,228.82
3572,177.22,229.47
3574,176.87,230.35
3576,176.87,231.01
3578,176.87,231.44
3580,177.22,232.10
3582,177.22,232.76
3584,176.87,233.42
3586,176.87,234.07
3587,176.87,234.51
3590,176.87,235.17
3591,176.87,235.61
3594,176.87,236.04
3595,176.87,236.70
3597,176.87,237.80
3599,176.87,238.23
3601,176.87,238.89
3603,176.87,239.77
3605,176.87,240.20
3607,176.87,241.08
3609,176.87,241.74
3610,176.87,242.39
3612,176.87,243.05
3616,176.87,243.71
3617,176.87,244.15
3620,176.87,244.80
3621,176.87,245.46
3623,176.87,246.12
3625,176.87,246.77
3627,176.87,247.43
3629,176.87,247.87
3631,176.87,248.53
3632,176.87,248.96
3635,176.87,249.62
3636,176.87,250.28
3639,176.87,251.15
3640,176.87,251.81
3642,176.87,252.69
3644,176.51,253.34
3646,176.51,254.00
3648,176.87,254.88
3650,176.87,255.53
3652,176.87,256.19
3654,176.87,256.85
3657,176.87,257.51
3659,176.51,258.16
3661,176.51,259.04
3662,176.51,259.48
3665,176.87,260.35
3666,176.87,261.01
3669,176.51,261.67
3670,176.51,262.54
3672,176.51,262.98
3674,176.87,263.64
3676,176.87,264.29
3678,176.51,265.17
3680,176.51,265.83
3682,176.51,266.70
3684,176.51,267.14
3686,176.51,268.02
3687,176.51,268.46
3690,176.51,269.33
3691,176.51,269.99
3694,176.51,270.86
3695,176.51,271.52
3697,176.51,272.40
3700,176.51,273.05
3702,176.51,273.71
3704,176.51,274.37
3706,176.51,275.02
3708,176.51,275.68
3710,176.51,276.34
3712,176.51,277.22
3714,176.51,277.65
3716,176.51,278.53
3717,176.51,279.19
3720,176.51,280.06
3721,176.51,280.72
3724,176.51,281.60
3725,176.51,282.25
3727,176.51,283.13
3729,176.51,283.79
3731,176.51,284.44
3732,176.51,285.10
3735,176.51,285.76
3736,176.51,286.63
3739,176.16,287.29
3742,176.16,287.95
3743,176.16,289.04
3746,176.16,289.70
3747,176.16,290.57
3750,176.16,291.01
3751,176.16,291.89
3753,176.16,292.33
3755,176.16,293.20
3757,176.16,293.86
3759,176.16,294.73
3761,176.16,295.39
3762,176.16,296.05
3765,175.81,296.92
3767,175.81,297.58
3769,175.81,298.68
3770,175.81,299.33
3772,175.81,299.99
3774,175.81,300.65
3776,175.81,301.52
3778,175.81,302.18
3780,175.81,302.84
3782,175.81,303.50
3785,175.81,304.15
3787,175.81,304.81
3789,175.46,305.90
3791,175.46,306.56
3793,175.46,307.22
3795,175.46,307.88
3796,175.46,308.75
3798,175.46,309.19
3800,175.46,310.07
3802,175.46,310.94
3804,175.46,311.60
3806,175.46,312.26
3808,175.46,313.13
3810,175.46,314.01
3812,175.46,314.66
3814,175.11,315.10
3816,175.11,315.98
3817,175.11,316.42
3820,175.11,317.29
3821,175.11,317.95
3824,175.11,318.61
3825,175.11,319.48
3828,175.11,319.92
3830,175.11,320.80
3832,175.11,321.45
3834,174.76,322.33
3836,174.76,323.21
3838,174.76,324.08
3840,174.76,324.74
3842,174.76,325.61
3844,174.40,326.05
3846,174.40,326.93
3847,174.40,327.58
3850,174.40,328.24
3851,174.40,328.90
3854,174.40,329.56
3855,174.40,330.43
3857,174.40,331.09
3859,174.05,331.75
3861,174.05,332.40
3863,174.05,333.28
3865,174.05,334.16
3867,174.05,335.03
3870,173.70,335.69
3872,173.70,336.35
3873,173.70,337.44
3876,173.70,338.10
3877,173.70,338.97
3879,173.70,339.85
3881,173.70,340.51
3883,173.35,341.38
3885,173.35,342.04
3887,173.35,342.70
3889,173.35,343.57
3891,173.35,344.45
3893,173.35,345.32
3895,173.00,345.98
3896,173.00,346.64
3899,173.00,347.29
3900,173.00,347.95
3902,173.00,348.61
3904,172.64,349.27
3906,172.64,350.14
3908,172.29,350.58
3910,172.29,351.46
3913,172.29,352.11
3915,172.29,352.77
3917,172.29,353.43
3919,171.94,354.08
3921,171.94,354.96
3922,171.94,355.40
3925,171.94,356.27
3926,171.94,356.93
3928,171.59,357.59
3930,171.59,358.25
3932,171.59,359.12
3934,171.24,359.56
3936,171.24,360.44
3938,170.88,361.31
3940,170.88,361.97
3942,170.88,362.84
3944,170.88,363.28
3946,170.88,364.16
3947,170.53,364.60
3950,170.53,365.47
3951,170.53,366.13
3955,170.53,366.79
3956,170.53,367.66
3958,170.53,368.32
3960,169.83,369.20
3962,169.83,369.85
3964,169.83,370.29
3966,169.83,371.17
3968,169.83,371.82
3970,169.48,372.48
3972,169.48,373.36
3974,169.12,374.01
3976,169.12,374.67
3977,169.12,375.11
3980,168.77,375.77
3981,168.77,376.64
3983,168.42,377.30
3985,168.42,377.96
3987,168.42,378.83
3989,168.07,379.49
3991,168.07,380.15
3993,167.72,380.80
3995,167.72,381.68
3998,167.72,382.33
4000,167.36,382.77
4002,167.36,383.43
4003,166.66,384.31
4005,166.66,384.96
4007,166.66,385.62
4009,166.31,386.28
4011,166.31,386.93
4013,166.31,387.37
4015,165.96,388.03
4017,165.96,388.69
4019,165.61,389.34
4021,165.61,390.00
4022,165.61,390.66
4025,164.90,391.31
4026,164.90,392.19
4029,164.20,392.85
4030,164.20,393.50
4032,164.20,394.16
4034,162.79,394.60
4036,162.79,395.26
4040,162.44,395.91
4041,162.44,396.13
4043,162.44,396.13
4045,164.90,396.13
4047,164.90,395.91
4048,167.01,395.69
4051,167.01,395.47
4052,167.01,395.26
4055,164.20,395.04
4056,164.20,394.82
4058,163.14,394.82
4060,163.14,394.82
4062,163.14,394.82
4064,160.33,394.82
4066,160.33,394.82
4068,158.92,394.82
4070,158.92,394.82
4072,158.92,395.04
4074,157.51,395.04
4076,157.51,395.26
4077,157.51,395.26
4080,157.16,395.26
4081,157.16,395.26
4085,156.10,395.26
4086,156.10,395.26
4088,156.10,395.26
4090,155.40,395.26
4092,155.40,395.26
4094,154.34,395.26
4096,154.34,395.26
4098,154.34,395.26
4100,152.94,395.26
4101,152.94,395.26
4104,151.88,395.26
4105,151.88,395.26
4107,151.88,395.26
4109,150.82,395.26
4111,150.82,395.26
4113,149.42,395.26
4115,149.42,395.26
4117,149.42,395.26
4119,148.01,395.26
4121,148.01,395.26
4122,146.95,395.26
4126,146.95,395.26
4127,146.95,395.26
4130,145.55,395.26
4131,145.55,395.26
4133,144.14,395.26
4135,144.14,395.26
4137,144.14,395.26
4139,139.21,395.26
4141,139.21,395.26
4143,139.21,395.04
4145,137.80,395.04
4147,137.80,395.04
4149,136.40,394.82
4151,136.40,394.82
4152,136.40,394.82
4155,134.64,394.82
4156,134.64,394.60
4159,133.23,394.60
4160,133.23,394.60
4162,133.23,394.38
4164,131.82,394.38
4166,131.82,394.38
4169,130.06,394.38
4171,130.06,394.38
4173,130.06,394.16
4175,128.30,394.16
4177,128.30,394.16
4178,126.54,394.16
4181,126.54,394.16
4182,126.54,393.94
4185,124.78,393.94
4186,124.78,393.94
4188,123.02,393.94
4190,123.02,393.94
4192,123.02,393.94
4194,121.26,393.94
4196,121.26,393.94
4198,119.15,393.94
4200,119.15,393.94
4201,119.15,393.94
4204,117.39,393.94
4205,117.39,393.94
4207,117.39,393.94
4209,115.28,393.94
4212,115.28,393.94
4215,113.17,393.94
4216,113.17,393.94
4218,113.17,393.94
4220,111.06,393.94
4222,111.06,393.94
4224,108.95,393.94
4226,108.95,393.94
4227,108.95,393.94
4230,106.84,393.94
4231,106.84,393.94
4233,104.72,393.94
4235,104.72,393.94
4237,104.72,393.94
4239,102.61,393.94
4241,102.61,393.94
4243,100.15,393.94
4245,100.15,393.94
4247,100.15,393.94
4249,97.69,393.94
4251,97.69,393.94
4252,97.69,393.94
4255,95.22,393.94
4257,95.22,393.94
4259,92.76,393.94
4261,92.76,393.94
4262,92.76,393.94
4265,90.30,393.94
4266,90.30,393.94
4268,90.30,393.94
4270,87.83,393.94
4272,87.83,393.94
4274,85.02,393.94
4275,85.02,393.94
4277,85.02,393.94
4279,82.20,393.94
4281,82.20,393.94
4282,82.20,393.94
4285,79.39,393.94
4286,79.39,393.94
4288,76.57,393.94
4290,76.57,393.94
4292,76.57,393.94
4294,73.76,393.94
4296,73.76,393.94
4298,73.76,393.94
4300,70.94,393.94
4302,70.94,393.94
4303,67.77,393.94
4306,67.77,393.94
4307,67.77,393.94
4309,64.96,393.94
4311,64.96,393.94
4313,64.96,393.94
4315,61.79,393.94
4317,61.79,393.94
4318,58.62,393.94
4320,58.62,393.94
4322,58.62,393.94
4324,55.46,393.94
4326,55.46,393.94
4327,55.46,393.94
4329,52.29,393.94
4331,52.29,393.94
4333,48.77,393.94
4335,48.77,393.94
4336,48.77,393.94
4340,45.60,393.94
4341,45.60,393.94
4343,45.60,393.94
4345,42.08,393.94
4347,42.08,393.94
4348,38.56,393.94
4350,38.56,393.94
4352,38.56,393.94
4354,35.40,393.94
4356,35.40,393.94
4357,35.40,393.94
4360,31.88,393.94
4361,31.88,393.94
4363,28.36,393.94
4365,28.36,393.94
4367,28.36,393.94
4369,24.84,393.94
4370,24.84,393.94
4372,24.84,393.94
4374,20.97,393.94
4376,20.97,393.94
4377,17.45,393.94
4380,17.45,393.94
4382,17.45,393.94
4384,13.93,393.94
4386,13.93,393.94
4388,13.93,393.94
4390,10.41,393.94
4391,10.41,393.94
4393,10.41,393.94
4395,6.54,393.94
4397,6.54,393.94
4398,3.02,393.94
4400,3.02,393.94
4402,3.02,393.94
4404,-0.85,393.94
4405,-0.85,393.94
4407,-0.85,393.94
4409,-4.37,393.94
4411,-4.37,393.94
4412,-4.37,393.94
4415,-8.24,393.94
4416,-8.24,393.94
4419,347.90,393.94
4420,347.90,393.94
4422,347.90,393.94
4425,344.38,393.94
4427,344.38,393.94
4429,340.51,393.94
4431,340.51,393.94
4432,340.51,393.94
4435,336.99,393.94
4436,336.99,393.94
4438,333.12,393.94
4440,333.12,393.94
4442,333.12,393.94
4444,329.60,393.94
4446,329.60,393.94
4448,326.08,393.94
4450,326.08,393.94
4452,326.08,393.94
4454,322.21,393.94
4456,322.21,393.94
4457,322.21,393.94
4460,318.69,393.94
4461,318.69,393.94
4464,315.17,393.94
4465,315.17,393.94
4468,315.17,393.94
4470,311.65,393.94
4472,311.65,393.94
4474,308.13,393.94
4476,308.13,393.94
4478,308.13,393.94
4480,304.61,393.94
4482,304.61,393.94
4483,301.09,393.94
4486,301.09,393.94
4487,301.09,393.94
4490,297.93,393.94
4491,297.93,393.94
4493,294.41,393.94
4495,294.41,393.94
4497,294.41,393.94
4499,291.24,393.94
4501,291.24,393.94
4503,288.07,393.94
4505,288.07,393.94
4506,288.07,393.94
4510,284.55,393.94
4511,284.55,393.94
4513,284.55,393.94
4516,281.74,393.94
4517,281.74,393.94
4519,278.57,393.94
4521,278.57,393.94
4523,278.57,393.94
4525,275.40,393.94
4527,275.40,393.94
4529,272.59,393.94
4531,272.59,393.94
4532,272.59,393.94
4535,269.42,393.94
4536,269.42,393.94
4539,266.60,393.94
4540,266.60,393.94
4542,266.60,393.94
4544,263.79,393.94
4546,263.79,393.94
4548,262.03,393.94
4550,262.03,393.94
4553,262.03,393.94
4555,262.03,393.94
4557,262.03,393.94
4558,262.03,393.94
4561,262.03,393.94
4562,262.03,393.94
4565,331.71,393.94
4566,331.71,393.94
4568,331.71,393.94
4570,262.03,393.94
4572,262.03,393.94
4574,262.03,393.94
4576,262.03,393.94
4577,262.03,393.94
4580,262.03,393.94
4581,262.03,393.94
4583,262.03,393.94
4585,262.03,393.94
4587,262.03,393.94
4589,259.92,393.94
4591,259.92,393.94
4593,257.45,393.94
4596,257.45,393.94
4597,257.45,393.94
4600,255.34,393.94
4601,255.34,393.94
4603,253.23,393.94
4605,253.23,393.94
4607,253.23,393.94
4609,251.12,393.94
4611,251.12,393.94
4613,251.12,393.94
4615,249.01,393.94
4617,249.01,393.94
4619,246.90,393.94
4621,246.90,393.94
4622,246.90,393.94
4625,245.14,393.94
4626,245.14,393.94
4629,243.03,393.94
4630,243.03,393.94
4632,243.03,393.94
4634,241.27,393.94
4636,241.27,393.94
4639,239.51,393.94
4641,239.51,393.94
4643,239.51,393.94
4645,237.75,393.94
4647,237.75,393.94
4648,235.99,393.94
4651,235.99,393.94
4652,235.99,393.94
4655,234.23,393.94
4656,234.23,393.94
4658,232.82,393.94
4660,232.82,393.94
4662,232.82,393.94
4664,231.06,393.94
4666,231.06,393.94
4668,229.65,393.94
4670,229.65,393.94
4672,229.65,393.94
4674,228.25,393.94
4676,228.25,393.94
4677,228.25,393.94
4680,226.84,393.94
4682,226.84,393.94
4684,225.43,393.94
4686,225.43,393.94
4688,225.43,393.94
4690,224.02,393.94
4692,224.02,393.94
4694,222.62,393.94
4696,222.62,393.94
4697,222.62,393.94
4700,221.56,393.94
4701,221.56,393.94
4703,220.15,393.94
4705,220.15,393.94
4707,220.15,393.94
4709,219.10,393.94
4711,219.10,393.94
4713,218.04,393.94
4715,218.04,393.94
4717,218.04,393.94
4719,216.63,393.94
4721,216.63,393.94
4723,215.58,393.94
4726,215.58,393.94
4727,215.58,393.94
4730,214.52,393.94
4731,214.52,393.94
4733,214.52,393.72
4735,217.34,393.72
4737,217.34,393.72
4739,212.41,393.50
4741,212.41,393.50
4743,212.41,393.29
4745,213.82,393.07
4747,213.82,393.07
4749,213.11,392.63
4751,213.11,392.63
4752,213.11,392.19
4755,211.00,391.97
4756,211.00,391.75
4759,211.00,391.75
4760,211.00,391.53
4762,211.00,391.53
4764,209.24,391.10
4767,209.24,390.88
4769,208.19,390.22
4771,208.19,390.00
4773,208.19,389.34
4775,206.78,388.91
4777,206.78,388.69
4778,205.37,388.03
4781,205.37,387.59
4782,205.37,387.15
4785,204.67,386.93
4786,204.67,386.50
4788,203.26,386.06
4790,203.26,385.62
4792,203.26,385.18
4794,202.56,384.31
4796,202.56,383.87
4798,202.56,383.21
4800,201.50,382.55
4802,201.50,382.12
4804,200.44,381.24
4805,200.44,380.80
4808,200.44,380.15
4810,199.39,379.49
4812,199.39,379.05
4815,198.33,378.39
4816,198.33,377.74
4818,198.33,377.30
4820,197.28,376.86
4822,197.28,376.20
4824,196.57,375.55
4826,196.57,374.89
4827,196.57,374.01
4830,195.52,373.36
4831,195.52,372.70
4833,194.46,372.26
4835,194.46,371.60
4837,194.46,370.95
4839,193.41,370.51
4841,193.41,369.85
4843,192.70,368.98
4845,192.70,368.32
4847,192.70,367.66
4849,191.65,367.01
4852,191.65,366.35
4853,190.94,365.47
4856,190.94,364.82
4857,190.94,364.16
4860,189.89,363.50
4861,189.89,362.84
4863,189.89,362.19
4865,189.18,361.53
4867,189.18,360.87
4869,188.13,360.22
4871,188.13,359.56
4873,188.13,358.90
4875,187.42,358.25
4877,187.42,357.37
4879,186.37,356.93
4881,186.37,356.27
4882,186.37,355.40
4885,185.66,354.74
4886,185.66,354.08
4888,184.61,353.43
4890,184.61,352.77
4892,184.61,351.89
4895,183.90,351.24
4897,183.90,350.36
4899,183.20,349.70
4901,183.20,349.05
4903,183.20,348.17
4905,182.15,347.73
4907,182.15,346.86
4908,181.09,346.64
4911,181.09,345.98
4912,181.09,345.10
4915,179.68,344.45
4916,179.68,343.79
4918,178.98,343.35
4920,178.98,342.70
4922,178.98,342.04
4924,178.63,341.82
4926,178.63,341.16
4927,178.63,340.94
4930,177.92,340.51
4931,177.92,340.07
4934,177.57,340.07
4936,177.57,339.63
4938,177.57,339.19
4941,177.22,338.97
4942,177.22,338.75
4944,178.27,338.32
4946,178.27,338.10
4948,178.27,337.88
4950,175.46,337.88
4952,175.46,337.88
4953,180.39,337.66
4956,180.39,337.66
4957,180.39,337.66
4960,174.05,337.66
4961,174.05,337.66
4963,176.51,337.66
4965,176.51,337.88
4967,176.51,337.88
4969,176.16,338.10
4971,176.16,338.32
4973,174.40,338.54
4975,174.40,338.75
4977,174.40,338.97
4980,174.40,339.19
4982,174.40,339.41
4983,174.40,339.85
4986,173.35,340.07
4987,173.35,340.51
4990,173.00,340.94
4991,173.00,341.38
4993,173.00,341.82
4995,172.6